phi1  Phi phi2
133.782531	103.004545	117.207981
169.181026	36.805221	91.559202
-98.888800	89.186072	38.277782
-145.557118	143.632132	8.254116
108.418271	154.758097	140.603700
144.341044	107.812462	-70.056918
-103.780192	152.018651	-144.791505
-2.535414	84.952525	17.578093
-125.593723	154.007037	-64.125364
148.721501	134.992282	-90.053143
-179.842340	56.963407	-45.224484
-129.496781	77.672332	-152.604469
-51.828361	100.517627	119.178018
35.137958	120.783448	-11.346980
149.731854	51.881916	-6.018152
-175.170763	107.086982	100.763542
144.785584	115.099415	14.477815
-38.257114	67.449187	-107.030276
59.905516	149.095221	112.273547
55.155299	98.489332	58.797081
45.007210	74.244444	-67.049920
-1.768274	97.794213	-71.692420
-35.669917	66.895150	-15.389922
-36.402167	113.886114	-164.472038
130.170871	101.905427	27.460125
140.477930	69.559806	160.192758
58.580304	83.326787	-146.699162
-84.693007	27.414603	-48.857034
-107.412534	28.271346	148.321525
-28.469999	20.303194	-58.317808
83.950135	152.589773	40.583051
-157.918875	89.459150	134.944631
120.696883	150.288121	66.723676
-136.732023	35.247816	78.035246
-146.533303	62.687547	13.786034
-8.740691	137.468584	-90.527056
-94.629877	27.399328	-131.343362
-40.832011	70.384673	160.708739
128.256305	80.833800	-119.210727
134.723854	38.280111	8.091418
-41.569601	141.765228	-98.319667
-179.147247	173.241342	90.849253
-57.389563	29.711016	22.326613
53.329245	150.166881	-69.608156
83.087746	152.403200	-49.985127
94.731557	27.393958	-48.476168
-150.728840	135.040363	179.841460
-53.459705	99.757241	32.102254
127.007267	100.777186	-62.643851
148.225985	59.172178	-100.757894
-118.794482	150.154518	114.311064
-36.996402	66.756003	-15.982814
-47.916660	76.082873	-114.729133
-93.513521	152.371427	-47.379896
-144.590121	108.461983	-20.379415
62.565126	126.921723	-40.634023
61.767030	101.714480	67.980993
-133.867792	146.692033	-75.562606
-91.657044	27.525313	136.036165
-127.279978	30.398363	160.189905
124.179031	98.075746	121.771514
115.560529	28.966301	-153.295942
-131.204778	77.973507	-152.054991
38.330281	112.683503	163.247489
116.649994	29.783331	-64.958129
-88.213500	152.597375	136.023255
-49.320670	104.145998	-66.148259
-30.678937	41.178215	3.662800
-142.571148	112.794045	163.299194
-106.387214	132.764568	-23.073287
143.110819	144.154728	-99.342409
-76.720745	88.587746	-37.096681
-62.571364	150.528156	154.801260
120.596762	93.285434	129.931297
151.647839	44.996080	179.915781
120.172615	94.201627	-51.234472
113.606025	29.066532	-152.453240
-35.038244	110.447822	-162.419965
-126.529567	100.321084	149.890526
0.032951	74.481286	-51.377025
-41.951221	71.568504	-110.795098
-133.241234	116.802561	68.929920
159.551360	59.880539	-94.385430
-102.796306	152.192577	-144.406393
-135.139883	73.957403	-67.276904
173.201364	15.699604	1.968016
-142.204848	67.788005	107.251444
126.609022	99.294795	-59.084448
-85.553508	27.340930	-138.274480
-166.356751	31.547861	-92.253935
-136.276749	106.948043	-22.129556
123.478482	108.107951	17.398844
106.218864	132.762620	-65.910505
132.802824	104.656418	113.745103
-158.236485	89.841677	-45.311845
33.058020	62.773787	-77.265683
-59.811624	153.285412	63.929690
-61.369900	30.505275	23.230147
60.184989	43.350050	-82.195568
-90.533653	96.529582	4.474497
38.812844	111.327835	72.051079
-43.239952	33.904330	-167.221356
28.284482	56.600325	8.539656
-61.445643	116.794672	124.470319
71.001072	47.483183	82.976737
150.677239	123.929922	98.673354
-29.605188	113.144919	-77.587974
70.802463	151.408154	120.793744
61.847157	30.448776	-114.502228
86.052157	152.965870	-46.701281
141.394961	69.034200	-107.715700
23.749047	85.354284	-42.786515
-118.449160	136.594629	173.726847
-61.591603	159.981633	-145.087460
-83.525585	89.744624	87.122927
79.408781	152.234128	-142.890694
87.947437	27.599244	-44.941823
176.147364	45.944095	90.022299
51.640811	33.074079	155.997270
-154.287456	124.299731	82.952431
105.619231	158.479653	-56.355697
38.123376	66.889086	106.729083
-46.371632	75.252136	-114.230708
-40.480222	69.025045	71.546435
-26.931589	118.820413	-157.870487
-151.777017	115.482462	74.974561
-53.287911	79.849904	151.262286
147.720770	60.964940	78.180534
-38.537994	111.137318	107.932553
-65.501964	150.873850	-117.142502
149.847897	55.733276	81.059213
38.108332	67.320501	-73.251382
-146.247630	48.158590	-87.144317
-29.180451	120.432509	-80.162498
-37.891552	113.499065	-163.314448
-39.659176	69.336965	-108.478731
138.486167	140.024054	174.434056
80.937468	27.559124	141.679677
73.739027	132.381117	67.353277
127.574761	101.743705	27.362751
31.016047	117.413027	-12.116007
-146.052227	118.326110	-12.664775
-179.989135	82.849969	-0.001937
0.143967	111.405723	45.341114
-37.179081	113.306908	16.181819
90.112362	27.336671	-45.452131
-55.486115	39.722871	84.947173
0.193059	72.814580	-44.905611
-64.934473	29.295393	-153.286977
-75.551460	28.199252	124.097269
-39.180624	110.744945	-71.498524
41.988989	108.597760	159.686394
-179.826349	68.434387	-134.887617
130.228449	102.175265	26.850077
-131.159728	77.339448	26.558854
116.626801	94.474112	-143.482830
83.555604	152.912585	-136.167273
-50.165721	78.222027	-27.447034
148.908292	117.252709	101.985764
-120.724702	150.129078	23.039488
-150.781052	83.656061	-51.642357
86.816887	27.400899	47.607205
-169.956295	126.221825	-1.327898
48.313365	77.544322	-152.778336
108.876886	28.234877	31.240982
-51.550545	101.539811	-152.471953
-135.628795	73.838012	-157.162454
-92.948655	27.272779	-42.688418
33.155298	58.036178	100.220976
-40.095392	110.535702	108.796537
123.173922	32.227253	19.050592
-98.147135	27.489306	141.419467
-99.431144	152.405843	-141.626200
-31.264512	71.469198	67.880484
23.617345	85.282436	-43.209763
-131.897890	77.697042	-152.646598
-68.778795	48.724352	149.840938
31.642791	60.470084	-78.595544
140.438120	110.791460	108.377725
-42.924929	107.439739	111.580272
49.786153	72.410473	19.987743
127.327034	31.640809	108.439214
100.213525	152.365405	52.555399
-134.518144	140.759154	7.335557
30.104355	34.399317	-97.468439
0.928267	105.561841	177.728194
136.501111	72.671444	158.184603
-126.803882	100.754677	151.497947
51.944015	99.444060	-30.865253
-48.060996	32.166948	-74.144477
137.370389	108.132485	-159.031561
121.649379	30.960234	21.219019
-27.025881	73.364131	-108.136817
-141.782336	41.223922	-4.074192
130.329341	98.272768	123.239194
-112.587571	151.314671	28.919316
-33.334175	60.491739	-11.801441
-41.087324	70.899509	159.877116
147.167240	63.889170	167.092085
-46.878524	75.486165	-114.319114
-63.440785	52.632414	-42.499906
-114.318904	150.701097	117.178931
-75.961657	152.222688	-124.690909
-61.174907	42.959275	83.088412
-179.596229	105.750608	134.877368
-48.153754	72.389195	-110.713178
85.867431	27.551689	47.726672
-177.504827	95.191941	-162.006803
173.074482	32.810508	-89.074799
-69.481040	27.858882	120.946893
-32.492146	61.640771	-101.980082
60.412501	30.305269	-113.310841
130.511476	99.621399	31.159810
-128.754478	110.722619	-110.056318
-80.790124	27.034351	128.526627
55.065894	97.209666	-34.779229
-139.273254	110.158632	160.868217
-142.795883	66.069116	105.719746
-40.312509	137.966605	-3.163257
177.173609	84.916363	18.147250
-11.774519	149.327937	-92.113286
-95.799726	92.421281	-65.504110
141.511778	48.047558	86.064796
-88.703793	27.292762	44.124167
-62.846967	85.250948	-35.908598
-70.851903	151.651938	-31.112697
-32.178103	136.992257	89.678191
-130.352645	77.963158	27.387118
-50.455087	100.109628	-149.686777
62.736978	135.887202	175.785885
52.543326	100.091352	150.684620
-147.618068	117.010583	-102.403075
108.751842	151.406282	-30.720727
-117.459066	94.466151	52.706187
126.199806	104.681631	-68.721912
-52.000306	147.596514	-107.545327
144.375757	116.428672	104.032299
-74.952562	132.397866	-68.430859
162.293865	112.183200	-156.660594
-129.163036	147.800496	-72.784413
31.306930	58.248534	-79.863978
45.104534	104.743847	65.143888
-33.961554	59.006933	169.184190
-0.130926	73.657758	44.861012
-92.929016	91.996381	-107.968920
129.636584	78.528541	61.901640
-0.088903	73.423521	-45.138256
-21.629187	64.746194	-111.279184
-53.431773	99.547827	-149.877032
-76.946034	28.790303	36.517028
37.317102	113.448846	74.057180
-57.702006	149.775477	67.833239
-43.296819	72.925948	157.619287
-0.097977	59.273472	-44.802096
-14.333436	130.323384	-88.026029
-130.593924	149.661417	108.118648
33.471659	112.272825	-114.407452
-70.641498	47.214205	96.844359
-50.103395	79.677471	-30.155176
0.803471	81.806424	-44.754316
106.042464	133.139467	-156.791793
0.788739	107.161143	45.395571
-128.641030	81.731804	-57.803969
124.005518	149.784871	-21.239692
120.415032	89.803464	-44.646269
153.678380	44.721166	-177.365138
125.607344	88.264085	-132.614434
-136.720055	105.799672	-23.382862
-52.337154	79.496105	-118.281466
0.037840	79.687946	-90.196682
-141.382494	138.678839	-85.947790
144.423531	120.862035	101.700743
-151.589129	44.949628	0.294164
-51.557886	32.987262	-74.600292
39.421288	67.904242	-72.550448
154.079495	154.019655	68.268019
-13.963309	27.068943	97.806352
-37.802233	41.402743	2.387118
-50.291508	147.954550	71.688260
40.475903	70.401402	-70.638324
131.680352	145.952291	75.490378
-123.089828	149.368700	-158.713418
93.353046	152.649360	135.167964
-34.607660	65.049529	75.895600
131.909220	70.828257	70.179726
-31.544130	120.022269	101.269544
149.755711	143.929355	83.056656
88.484115	86.922211	-158.725914
121.663901	90.002326	134.998149
-116.093038	29.107694	63.752789
-175.183199	77.530158	-5.188072
-66.308842	150.635729	-116.798391
50.353524	33.094641	73.888970
-47.989151	104.681721	23.034654
145.493645	64.674007	75.963524
-152.438374	44.515154	179.027865
123.260736	148.279642	69.958552
141.479966	67.672316	72.851070
-125.604681	32.775158	162.674534
98.672710	152.416167	51.295052
138.399500	34.877985	-78.388123
140.366980	158.257918	-35.982556
137.773839	108.457308	-159.657746
-74.059624	47.119795	-23.739727
-48.769239	102.945074	-64.201366
-31.957008	39.069839	-83.832207
-133.424026	146.514719	14.471878
-127.833423	23.854076	-118.332209
53.445533	80.678015	120.673538
42.452172	72.058419	-68.986289
-47.049538	104.241162	-65.394089
45.773267	105.195121	-113.755613
-123.093314	148.360846	-70.309177
17.158699	139.721603	2.306739
113.681695	100.359851	110.394168
-52.494459	147.829322	-17.794243
35.093988	64.686003	104.339911
78.736077	154.210345	-136.252988
0.252278	80.127530	135.181792
144.302890	114.620981	105.380852
-106.495051	91.835872	51.321520
27.193058	42.072889	-93.826768
103.727343	152.647675	54.417360
105.872331	158.808977	121.556882
-17.101736	43.529329	91.647066
-143.672772	114.901573	-15.674846
32.186949	62.834031	-77.627052
43.602766	72.764357	-158.402704
28.538723	102.086321	-128.868277
35.680383	114.637077	-14.962990
-145.512365	64.167222	-75.984161
130.854890	91.607902	43.491308
-144.786345	64.850455	-165.453026
120.222317	29.241250	27.215210
157.730666	127.163359	-175.032396
46.265180	74.321705	-67.263138
-116.457316	154.156753	118.713031
79.939776	152.984026	129.727886
-135.682036	105.194840	-114.309677
38.441855	68.223800	-162.681922
119.379100	84.644955	143.680446
47.157949	75.276126	24.122481
179.664175	72.958851	-135.047160
47.601611	71.801783	-160.200216
133.183649	103.679175	115.756819
-100.391367	152.281567	36.895079
-110.675885	46.548352	-4.724994
39.275909	68.169532	-162.292381
-36.079058	65.284318	-15.121214
48.439701	32.762232	-15.951777
50.375941	100.918319	-118.904838
-70.245542	131.023152	118.891140
179.772742	110.938855	-44.924691
-117.546767	89.927526	-134.997899
146.680740	117.463569	12.804035
-122.993421	82.614175	-147.304837
-25.920433	56.329886	-97.182629
-146.694407	62.656358	-167.026784
-38.369718	67.783897	162.766780
136.090160	106.550953	112.599386
-147.267534	117.484984	-102.603921
56.402378	82.438367	32.849036
80.935566	40.580823	63.976085
-106.102017	155.974274	135.243374
-44.355013	33.486195	-166.517902
-126.281363	104.868487	163.879417
129.631096	34.415647	-75.732880
-147.805765	118.956699	-11.863822
126.478264	78.628807	-115.216980
32.660065	62.692798	12.552378
26.707067	134.953378	-89.866727
-118.478497	84.862197	-54.242831
-97.194367	25.695044	-42.316866
-28.346827	61.509382	-100.439148
127.600316	99.714725	-149.463481
-31.828479	121.729250	-169.588486
-38.260082	113.851317	106.392472
-120.983850	149.651893	-67.387654
-67.994905	51.145388	-31.566854
-179.631018	106.520891	-135.069257
-85.779199	91.679589	-149.874999
-62.897118	90.477484	135.128288
-137.133464	138.632786	-85.487481
127.918686	34.884224	-75.605990
41.186381	108.743974	69.926763
140.560226	110.542692	18.524164
153.108036	131.413684	-87.057521
-105.881839	26.657498	-36.266112
-141.617247	112.242976	-17.178849
136.124562	72.905015	-111.707565
-60.259071	89.874862	-135.030375
3.540644	28.539712	-178.388874
-140.714721	68.975991	-161.870884
-60.916090	151.650122	154.722356
-102.845605	154.027784	131.355547
27.929131	36.648117	83.850303
89.972014	90.155619	172.819969
-36.114874	64.886514	165.056774
58.268928	96.500882	145.557355
-37.455742	113.829106	-74.016624
-137.576936	108.599599	-20.228507
126.904557	78.573117	-27.356079
161.865074	141.056601	-2.736448
-119.071676	29.658749	-114.250796
117.808795	95.317740	34.147141
-80.028833	27.551459	-52.149671
103.536344	106.265714	-170.378751
109.160595	90.350209	-22.933328
-111.999814	130.126202	58.051224
-50.001610	78.438975	62.039777
25.164008	126.211106	-6.344611
59.054238	150.164284	112.920549
150.097147	58.837876	80.091792
-112.357487	150.787757	-61.756823
-37.040509	139.897553	84.685866
116.456181	28.408242	-63.247563
-162.633210	56.306033	4.026437
151.922209	122.543021	-167.933378
122.491152	89.859212	44.961595
42.469642	157.610937	126.001471
-136.365037	107.654624	69.117126
-0.154899	99.423548	-134.774553
-37.618472	113.640976	-164.271867
-106.089203	132.778480	-113.983741
2.391264	105.418527	-40.438633
-120.877629	95.995477	53.886070
5.586086	114.993351	-89.212473
2.746251	95.166013	18.086532
45.236411	146.686517	13.958452
-41.022131	70.115924	160.659579
144.565563	113.038732	105.526595
55.025630	66.405912	-161.297624
141.218101	112.405957	17.137814
137.924683	37.010046	99.799386
-89.580920	92.481037	25.539209
119.253293	30.066389	23.763948
144.363474	62.331568	76.723999
-135.319185	74.973603	-63.953928
-42.302637	71.441213	-110.585297
143.449358	109.319941	109.730358
-136.193271	73.392862	22.475084
-50.336191	100.858674	118.990318
40.241118	134.913212	0.540362
128.294883	79.276042	-118.977494
-55.640838	96.699012	-54.787856
-126.491586	99.235955	-30.898488
42.313950	71.783987	110.888583
-139.317518	68.332261	18.541759
144.598154	114.853121	104.656740
-47.635777	102.629604	27.333401
-106.067640	132.810235	66.069935
146.053678	118.259864	-167.317243
105.069319	47.277856	158.175207
-130.997782	90.896362	45.314452
-30.245561	134.982815	179.938045
-38.299638	112.176639	-162.896481
-129.547844	101.731062	152.750714
117.450298	29.062695	-154.377579
-137.944189	71.808799	-159.422880
148.865038	44.992827	89.938390
-133.993292	146.474359	-165.800988
73.725416	151.848593	-147.260909
142.153575	67.525891	-16.721929
74.023694	88.219472	38.358206
-113.746010	28.963832	62.243538
-89.955785	90.203096	-79.887276
32.238953	140.249097	-174.579459
-83.871477	90.049649	-147.507462
-74.663781	133.409586	-67.980451
-49.232909	32.612534	16.188974
-120.406013	9.422767	-62.004780
-49.617477	147.951849	73.313786
177.120873	94.801977	161.193595
-84.335971	88.637116	-124.179409
-130.656285	87.578045	-137.485656
43.628814	72.991013	22.428624
-41.849484	107.926590	110.437633
87.853848	152.725431	43.605118
-63.079471	128.006500	129.767347
-3.213938	95.695645	162.583792
137.616806	107.818274	111.271665
36.614054	71.065743	-70.525612
-23.705297	86.291923	-136.358833
128.651991	100.742864	-150.777227
81.875449	28.528807	133.522024
74.487692	132.970073	66.733373
19.511918	55.319065	94.623367
-44.331521	73.095138	-24.209315
-39.179313	143.628879	170.059940
-60.637848	30.745927	-67.520166
149.127532	116.906270	-168.024897
-177.873284	43.040007	-90.079862
129.515318	69.828419	-110.238275
94.236848	152.557402	-42.144042
124.476694	81.766388	-121.595681
-1.428910	166.919510	-91.407012
156.641929	57.295345	-96.067302
-59.727421	148.247755	-110.544160
33.335538	119.138924	-11.980761
-123.499227	97.259841	-123.798670
-38.112908	68.935159	-19.545729
-125.834609	31.417451	-109.350101
145.202566	117.735195	103.001843
116.829629	29.082275	-64.180913
91.497690	89.992828	-135.059473
63.096305	128.139223	50.231835
-38.166807	67.911700	-17.157556
-100.261927	27.628705	-127.682959
155.221398	134.433646	1.581855
-0.635860	74.913487	87.937420
70.191101	47.105817	84.078972
163.489669	129.721928	-87.415587
37.417713	131.915741	-3.510690
127.040222	99.705455	29.906656
178.825974	48.981296	89.845213
35.639524	109.006850	71.037043
46.432411	103.260782	153.625355
47.655048	72.482890	20.887697
70.030970	130.937480	151.836819
85.726945	152.692562	-48.076223
-156.122682	94.158354	43.339091
-4.971561	123.319576	-88.458408
-62.694711	29.975481	-65.239259
81.308001	134.668552	78.153428
-115.117884	29.472864	-26.559966
141.272363	112.252430	-72.786793
-148.810947	119.022466	-101.259817
50.707212	98.250423	-123.379422
-46.030093	147.356039	75.334209
46.138022	75.055046	114.032226
-39.464472	110.781393	-71.866912
-137.203808	70.562604	-70.008558
-87.571803	152.531674	136.954932
-33.023218	63.899170	167.002752
63.382432	90.155824	44.981490
-132.974522	75.699948	24.690713
179.701957	98.946734	-134.769196
-52.469194	98.508361	32.411838
118.017003	30.060543	-155.226321
-118.115802	146.086367	132.352677
127.188286	149.116447	160.781840
110.516968	135.304955	89.938038
114.363185	56.074682	55.944033
155.571969	45.184128	-179.034101
97.706094	152.347904	50.865203
-129.125406	32.879106	163.531064
99.420727	152.484867	141.942743
145.985809	117.821119	-166.997118
121.900154	149.717369	157.751391
-146.006863	118.469188	-102.416090
45.335264	75.622407	-154.714158
50.175375	78.657764	-61.593419
144.403162	63.418415	-103.949200
39.026718	111.583110	72.249100
-98.619181	134.090388	-102.786292
-151.649492	109.659353	167.440046
142.415643	69.335014	72.106987
-74.008496	133.233064	113.019804
40.840301	109.298999	-19.621653
-94.271844	95.188827	-163.429697
58.215430	154.581125	27.713619
89.963622	94.566755	4.420719
-139.165298	73.135369	-154.939362
179.437910	74.257728	-134.675169
50.714332	100.530281	150.380905
137.416618	72.102819	-20.960023
89.542073	152.831236	134.269214
47.467475	76.168148	115.139293
-154.420577	45.100677	179.638894
-177.189540	94.996728	108.363142
-156.092355	125.372687	-6.023867
86.591948	27.166193	47.521571
29.873029	111.673390	165.451422
-173.477332	123.897011	-0.697565
113.714341	90.554023	45.077169
94.633049	91.382509	-149.294638
-76.069945	40.231952	18.421461
-27.146446	56.556309	172.069591
37.224335	131.544116	-3.492008
132.152418	77.181932	63.252042
119.719565	150.085076	-113.622324
30.472764	44.986798	-89.954400
-128.699318	99.553631	58.885828
-151.233126	57.283456	-81.051472
-72.198490	160.344536	-162.325910
126.940332	80.294585	-119.998699
-24.040642	93.862839	-43.365727
-69.880480	45.312573	-90.076832
30.518243	61.210965	-168.174325
52.745068	99.655860	-30.474322
-127.740292	101.558558	64.170613
-133.417314	106.007005	157.659339
-31.256763	57.952184	170.149183
-137.092164	145.266205	-77.729355
142.581978	113.156565	106.331471
40.744056	109.639792	160.469726
-93.135895	27.291585	-132.931590
86.766433	89.932832	-136.976908
-129.368608	81.628806	122.533723
-132.366983	103.218728	-25.828245
-92.264332	152.506331	133.481623
179.786390	59.225183	-44.542502
71.632466	151.578362	-58.562018
-109.362834	133.043423	-82.873574
41.006179	109.313469	-19.719381
41.913409	108.835938	-110.256904
-127.197512	89.063587	-46.652161
-41.976147	38.371437	98.255100
131.754690	54.428797	71.802414
4.738944	72.936203	-11.107997
45.939205	32.870391	-104.503911
79.521411	152.384661	37.390794
-141.304400	138.054584	93.116458
-105.332597	151.957937	-56.261176
139.557393	110.451840	108.182470
-50.667012	107.783135	-70.286482
73.986090	28.166573	-123.144721
-168.434846	60.790705	-57.774585
-9.298754	35.376267	1.451580
20.408288	53.292150	4.638993
59.686983	30.050945	66.801046
-94.901263	91.132924	27.735437
104.081572	150.994600	-92.857418
-130.634954	32.550867	-106.273986
138.048010	65.652781	71.258794
-172.773274	33.048454	178.899017
-143.155376	111.842895	-16.432478
-52.209427	148.674593	-108.459800
-149.469847	117.263640	-101.916107
155.904961	42.115194	-176.748280
-107.169287	91.112488	-44.140610
-119.021465	89.963231	-134.980096
144.828458	68.820496	-16.684802
-26.151622	47.954041	87.611093
49.837235	99.459021	148.724107
-71.988709	18.805747	-106.051611
-50.040025	101.893434	117.358323
43.794787	107.130656	68.245960
-34.844395	109.462367	-71.138713
63.715538	49.062386	135.801148
0.543700	69.750461	-45.127921
-147.489456	61.449376	12.097439
-33.540228	118.144180	-167.404653
147.947871	60.662487	166.797171
-118.859149	30.435034	-23.654618
-67.432917	134.648255	90.578530
48.410789	102.234922	152.409715
63.176195	150.594448	-154.616455
-119.809346	149.550855	22.957381
179.664340	73.422347	-44.405477
142.033850	143.173553	80.616855
-63.197093	26.383366	29.565498
124.259641	29.296757	-67.758701
154.551806	73.237387	-106.980652
129.151799	148.159753	162.588718
121.186154	149.184381	68.327796
-0.233999	107.069192	45.058732
179.771307	106.576045	-134.684938
146.757631	62.310656	77.303351
70.195831	48.639791	-60.686952
-33.156071	117.141694	-167.152986
105.444478	151.770563	146.626467
-132.953931	75.814998	24.892656
113.700859	86.713219	51.429962
-179.877801	73.596022	44.483621
44.762800	106.193004	67.367438
120.113237	83.878832	-123.733433
-128.220854	78.290754	-152.374578
-41.558920	109.640639	109.412218
-109.460402	46.979024	173.264794
51.905515	78.736193	-151.520979
166.847909	54.466377	-2.237813
-128.923124	32.899453	-106.322548
68.690694	151.359092	-150.561335
177.850158	68.087502	138.326524
-107.454833	152.024598	-147.538548
-78.203920	152.043086	-36.675879
-38.071397	111.129239	107.623346
-142.341507	116.514333	-14.501095
138.978315	109.825841	-160.498513
-80.534686	145.147526	-30.321930
146.674675	63.015321	77.014562
144.549675	71.701173	-109.307111
-89.377541	71.966496	-174.332597
129.390595	107.021101	-70.083940
-81.388185	45.383696	-103.453972
-61.163387	126.041661	132.972330
59.457667	69.833883	123.864496
-126.291591	92.887780	138.978325
43.752286	72.854814	111.752429
-97.896875	134.037911	78.593069
39.683749	107.598244	-112.930570
54.514609	99.410069	-31.570439
-29.232766	122.133418	99.332830
105.988291	47.859799	157.339077
-127.200916	76.817791	-64.107851
-65.339667	43.196135	-79.685418
128.759325	80.152446	-30.447903
-16.142883	54.762787	86.123152
97.907322	152.699110	-39.651355
-122.942176	75.710789	-55.135356
124.156179	150.736742	67.992390
-49.376791	71.524366	-26.931272
-140.932520	69.049422	108.683371
-50.621555	78.931781	151.359382
131.596374	72.067397	-19.884791
52.024714	78.256776	115.485441
-89.562158	152.689927	-44.780202
-73.591059	152.002433	-122.996704
120.684835	29.627313	24.174506
-3.098123	44.319923	89.997904
66.549472	50.169243	124.478594
50.593584	32.557430	-16.883479
28.146704	143.079002	6.086480
53.160859	148.817481	18.945845
-84.374250	27.531217	-49.558141
38.601371	123.917298	81.461127
-146.822576	119.760591	-11.499993
-117.134653	90.052611	134.975430
-48.459490	103.068610	25.971570
-4.693330	59.221990	179.344309
-163.713841	46.223740	91.687116
146.044602	64.067516	166.532821
-127.833749	100.900203	152.166152
-123.423120	82.517188	-146.533056
48.000133	103.355418	154.215242
-147.925389	126.637976	173.153199
112.590190	19.896986	63.348482
-63.199247	52.821705	-39.667250
-0.634185	105.791973	134.932703
-64.719517	29.381959	-153.647257
-57.295828	97.070698	123.539428
-146.581589	69.927215	-156.535921
61.385150	53.248360	42.686073
38.499967	138.753650	94.248618
-54.477376	81.342881	58.525558
-149.948657	63.582636	11.839496
176.650181	95.726015	-17.526675
74.612386	154.872663	-48.035571
-99.450963	124.411635	-14.534025
45.569444	72.573338	23.751767
49.879421	77.995431	-152.746810
171.059655	47.238107	89.374454
-46.894398	73.841936	-21.875402
60.479021	150.068496	-154.490811
143.334205	64.617065	-104.874776
-55.139184	98.479967	121.153239
-21.514438	145.855723	-6.190457
-35.135182	61.847924	167.052551
58.627202	32.341983	-108.921685
56.828747	31.108758	-110.516075
-49.082644	77.619529	-26.859878
-61.751798	53.591300	-132.016057
148.673617	68.827609	-102.636513
-140.649762	69.848578	18.713900
117.741762	90.061251	45.003316
116.139148	127.936641	-51.469137
103.563385	138.211771	-18.791600
-127.150820	79.939650	-150.406016
-33.162840	62.873625	77.186278
-57.815773	148.027376	159.942206
-38.133598	116.093663	16.615560
-179.056884	168.571616	90.916651
127.824742	147.907378	-107.907814
146.791244	118.336108	12.228282
84.098192	71.721839	93.547770
-136.338685	107.310969	158.204633
-104.122496	151.853061	34.344310
116.194256	150.688891	63.908484
-104.225262	22.935485	124.229309
-94.669736	27.483154	-41.327612
-48.218333	141.540094	-8.629551
-175.916763	119.261723	-128.048637
-138.777189	158.591500	-148.557586
-133.982136	105.388472	156.061171
70.878028	48.056161	118.194539
31.630399	121.191209	79.152608
-78.625652	90.679627	42.620952
27.229234	45.086724	-0.450264
124.226538	82.234916	57.046527
-121.229216	91.551677	-42.612684
149.299262	108.706688	-162.686312
78.839814	88.975276	-141.971891
-43.764657	104.854036	24.135048
-39.524289	68.457498	72.165495
-80.285102	45.610899	76.665471
-72.979287	151.254446	-31.587383
-155.630285	125.181763	83.753865
-0.271873	59.708874	-44.469603
148.467799	60.603166	-11.368269
-135.222356	67.938349	-67.945390
133.452067	34.110381	103.996487
-140.703082	69.467948	18.396007
-53.168670	99.953875	118.862827
-142.912173	143.452479	99.098182
-84.895207	134.267860	158.848792
127.929395	100.517122	118.582138
34.752239	114.727288	71.966244
-90.802694	88.206999	104.515696
38.822419	66.355754	16.612731
9.202231	162.086077	6.696464
-37.253840	112.086326	-163.187582
47.282352	76.418387	25.572367
-142.144967	114.210410	-15.951016
-49.554576	36.744675	101.394464
53.231163	146.152592	15.695448
52.382095	71.495810	-161.436793
50.315836	78.185575	-62.681777
-137.639521	108.155755	158.984731
-107.593548	28.150650	-122.122649
34.079109	109.401646	-110.585827
147.529377	49.278703	-93.789478
-77.436723	27.790774	125.750914
-95.143620	27.337250	48.625324
105.840425	47.487922	-21.979634
-127.538784	79.939726	-150.460360
-33.154974	67.947135	164.655909
-28.197730	138.724770	176.202332
128.529784	107.096242	109.619482
140.509063	69.955515	69.763369
93.592736	152.889223	46.141697
-43.503557	33.931397	-167.128409
-50.595426	101.590609	-152.320248
-176.885235	22.806042	-178.748272
42.270034	73.656697	111.079313
-119.285993	30.726259	-22.506878
140.280823	69.609039	71.363745
145.270300	135.198603	89.693102
83.874936	27.551474	139.234471
-122.945076	82.678609	-57.128372
-176.285431	12.043623	85.584269
29.477576	114.906871	167.826305
148.569895	117.484690	-77.947856
-108.007549	19.048897	106.351873
-80.352650	152.359085	-9.173051
-171.295606	34.520489	178.434447
-4.525870	107.337621	78.686778
51.911194	99.618793	59.336728
66.682456	131.630120	-34.140062
-45.237125	105.086040	-66.180619
-155.129950	62.874729	-70.230084
-30.308999	120.950157	-169.759321
-71.951714	28.566832	-58.709168
22.415283	128.324882	-94.701631
-62.815833	29.909792	-155.188917
-54.460893	79.489707	63.278024
71.182099	47.332372	-7.514396
-158.946741	52.801272	4.492040
32.710427	116.860568	-12.600434
81.276219	27.497762	51.583563
37.717367	68.295454	-72.762117
-30.834129	62.805484	-11.909611
-42.277451	108.635624	-159.516163
-150.170962	74.070682	-66.924340
143.394395	65.988336	74.240899
49.470373	101.018766	-119.017534
81.108771	134.484314	-103.906504
132.335965	56.084925	162.607366
127.341986	89.746861	45.155888
124.360365	82.057390	57.516728
78.415321	101.024718	71.619870
-152.051607	123.567836	-98.344410
85.835772	71.878355	-81.941062
105.752494	27.965311	32.987254
116.987830	51.079336	-129.820830
129.931146	75.550931	152.553541
-133.445611	74.929322	113.554358
47.469831	103.675349	-115.537640
138.322948	109.185380	109.813926
-153.448413	124.992283	-97.272952
-128.225855	100.521580	-118.995071
118.148725	30.994859	-147.153559
-55.524897	92.068978	-138.065873
-144.439807	116.928734	-13.794912
-152.105696	135.020392	89.940222
139.151570	70.285065	160.740523
93.843054	27.449605	-47.881051
116.192388	87.360562	139.199234
134.243036	78.350322	-119.683119
-149.126195	110.248801	-105.960865
-150.181486	45.012771	89.902383
-149.828540	107.163995	68.658412
61.125455	31.071753	-111.796780
-74.583800	133.343651	-67.594952
34.281032	115.785590	-14.539397
-33.765732	63.217354	-103.213100
-30.258472	59.938658	-10.521090
49.596317	72.528789	20.184243
36.614877	114.189116	164.363635
141.068594	69.442717	-108.075985
-30.271297	57.936766	80.365637
125.581979	82.295969	56.193211
88.853870	107.954105	5.511494
-51.889184	80.197503	59.217232
105.848772	132.501649	-66.951566
-6.175681	116.523956	-1.636253
146.171745	60.811060	78.006187
138.842557	109.102011	19.871801
131.965140	146.943622	74.488436
-87.554093	152.660883	46.854404
-38.689237	67.837639	-107.291149
-144.863540	115.332125	-14.605842
18.433415	42.277671	177.905198
-131.596372	143.461288	11.702515
-151.885220	45.006572	-90.067490
134.339296	74.471902	-113.295301
-31.616456	117.457080	12.487989
-78.288845	155.443165	44.319207
125.564703	99.047169	-58.043164
-141.351038	42.563196	-95.216485
50.491219	32.291208	-16.990657
43.088930	107.802137	158.753968
-70.772227	132.830349	-6.911926
142.914644	114.210455	105.522945
127.323035	100.358877	28.742497
-83.867100	26.948175	132.058441
-51.404967	100.750019	118.704292
-38.164965	112.945686	106.701528
-50.501562	78.889728	61.132724
-54.045018	148.519578	70.776180
-91.017630	91.642212	-14.900020
66.949732	89.535153	45.080002
48.555873	79.190341	119.919988
-69.821235	151.448261	-120.271926
121.601061	92.983003	128.779708
-127.631304	31.501549	161.650654
136.102719	106.983052	-67.451173
-162.356946	52.449179	-176.571093
-114.427565	149.003544	-66.164837
34.719126	64.458581	104.119837
-114.571637	92.133383	-133.140588
135.287366	73.625321	-112.595620
-131.141396	146.578545	-74.280203
-114.142503	29.137752	152.821643
-0.431200	80.919849	44.908668
-4.481798	107.226454	79.071416
-43.380674	72.439944	-21.485235
124.626311	81.734648	148.230214
145.826136	120.785737	-83.364492
155.726355	85.488060	-46.548690
-142.640110	71.118763	112.278067
143.085509	68.832601	72.518887
-178.574974	97.519746	71.668440
36.044924	66.566622	-164.492637
-121.704538	29.786907	-22.733784
150.680114	117.705312	12.118887
132.650186	70.779293	-20.828820
134.973985	74.086513	-112.809891
-35.264839	111.392806	-73.424728
-27.448911	137.072578	87.444947
129.685066	147.917329	162.988258
-110.402254	131.250266	150.797764
153.018202	20.297995	-149.641237
65.576543	99.017234	7.270613
48.391594	76.772299	25.693619
105.869920	47.117533	66.251584
61.306949	149.772572	113.508720
-152.290633	118.128878	165.651776
0.761450	173.215844	90.784455
-132.464888	76.156573	-154.841380
83.132000	151.724267	47.451034
-52.624871	79.800162	-119.088609
146.066983	61.260526	77.737243
142.014013	67.781305	72.915641
90.561391	27.332655	-45.237806
141.350983	145.133178	169.569429
0.407959	106.407599	-45.057533
-140.773102	110.980051	161.853611
74.577233	133.355507	-111.886318
172.326340	125.587177	91.157535
-118.145578	43.784690	-174.068267
-148.209010	118.766897	168.482972
128.632870	79.041784	-118.449306
-4.580600	73.566770	95.821726
-109.188411	133.215310	96.655563
-51.620314	97.955128	-56.855352
54.016221	98.691435	-31.910292
-145.089045	143.153657	-171.820565
42.517512	21.869177	142.579275
-114.760295	94.546898	-123.336841
-91.143346	90.004308	44.991496
138.690498	110.778086	-161.060767
-54.434087	98.472762	32.231413
-123.554009	29.833836	158.095856
-36.386887	114.020428	15.536373
-32.302693	118.688338	12.162095
127.418864	79.229609	62.243581
-52.275536	71.388908	-108.438783
143.476531	67.155104	161.088546
134.990130	74.189464	66.956179
0.402659	113.225630	-86.810554
-0.238373	73.356179	-134.409883
30.796250	118.002580	-101.431249
-116.855498	150.772778	115.809117
40.794678	70.275333	-160.771825
-130.314670	77.316338	-64.327630
0.465913	74.752464	39.801766
-75.219275	28.088618	34.081422
-105.989395	159.398451	60.572364
-131.017226	102.437138	62.821798
