    phi1      Phi     phi2
 215.211  109.088  163.789
  55.062  64.1532  295.795
  248.48   144.59  16.8284
 305.994  133.989  268.975
  307.94  135.158  180.714
 241.797  82.0926  296.538
 231.008  142.292  280.179
 10.7621  45.1827  269.353
 102.646  108.573  277.819
 294.035  93.4548  216.903
 60.2204   150.88  293.597
 266.529  26.3062  46.7118
 306.586  31.9115   292.29
 318.203   106.31  290.667
 116.703  116.366   191.06
 183.261  90.0199  76.2735
 32.5656  118.149  256.112
 323.672  30.8094  193.621
 10.3916  48.2488 0.764698
 273.863  113.092  181.681
 12.1622  139.716  359.357
 91.7965  91.1765  94.7131
 58.5337  150.627  204.865
 269.245  91.4451  142.848
 331.517  136.253  359.653
  37.184  69.6691   18.124
  328.96  121.753  278.683
 54.3927  88.7167   43.641
 42.5443  109.935  161.764
   43.31  73.4272   200.92
 330.544  69.8496  165.221
 213.327  124.589  77.9096
 272.513  151.466  137.412
 294.897  85.4994  236.005
 354.817  73.4677  310.524
 277.659  89.4592  42.9757
 264.878  90.4326  53.5035
 250.169  169.812  252.727
 86.5037  26.9221  45.3758
 227.753  30.1417  244.807
 145.565  34.3779  99.9431
  233.43  78.1401   202.14
 18.2301  71.6417  25.0512
 207.344   141.35  96.4873
 120.213  4.44331  58.3424
 36.3585  68.8697  108.242
 51.9207  80.8248   211.36
 226.283  104.282  335.598
  136.11  107.915  201.273
 52.7417  96.8398   238.49
 211.053  115.201  169.646
 45.7099  150.493   107.08
 243.581  29.8854   64.209
 316.168  67.5526  236.794
 321.568  51.7586  82.5169
 40.9483  110.874  251.686
   221.6  71.4167  201.259
 111.527  144.625  238.827
 196.051  70.6099  9.75449
 220.202  109.718  252.115
 319.011  109.039   199.96
 161.721  56.7712  353.795
 327.064  57.6286  344.639
 151.254  63.0267   165.15
 220.904  71.9348  286.075
 136.146   71.033  340.937
 203.744  120.366  260.872
 37.6231  33.7068  78.3145
 46.5175  68.5313  111.658
 221.228  67.2909   287.86
  34.996  68.9178  103.493
 44.4567  70.5096  196.028
 123.879  101.714  205.461
 332.468  122.687  280.052
  110.88  28.6921  217.961
 291.277  149.723  64.4897
  13.934   88.303  330.545
 64.1165  86.3006  131.572
 139.085  34.2318  189.631
 320.458  36.4236  281.124
 144.663  65.4689  73.8994
 255.806  152.982  34.7036
 81.1094   138.23  242.655
 233.369  80.8708  124.173
 14.2021  135.281  87.1653
 75.3287  83.9677  296.178
 49.2799  77.0167  205.918
  329.64  119.774   279.48
 125.932  73.8215  333.197
 334.335  126.932  187.384
 141.168  112.796    16.98
 132.281   75.855   340.35
 28.2367  104.093  56.0389
 229.569  86.5531  312.158
  237.95    31.84  67.2063
 164.124  109.791  101.066
  224.17  103.476  333.415
 133.823    103.5  22.7392
 203.507  40.8472  356.482
 84.4261  151.722  128.623
  271.64  149.238  225.016
 263.195  26.4487  46.9233
 34.2848  113.036  344.269
 236.465  95.6035  142.362
 40.6755  141.251  185.046
 121.554  96.8184   122.33
 287.452  39.6965  243.585
 348.178  33.1042  184.019
 152.026  141.789  87.0236
 316.378  69.6027  165.286
 39.2494  134.765  270.299
 81.7174  162.965  195.495
 76.4024  93.4297  242.964
  308.13  117.775    282.9
 238.683  59.5306  299.974
 254.331  83.7771  201.588
 48.1924  74.0923  202.757
 179.302  103.978  86.9102
 130.588  77.4778  61.4322
 306.888  131.806  95.9266
 6.65161   50.004  3.95152
 271.736  147.548  38.4127
 46.2108  74.6315  205.934
  316.97   67.869  342.724
 349.361   61.769  176.747
 235.885  87.5747  220.738
 148.392  110.071  100.952
 258.044  27.6593  53.6886
 227.132  148.198  15.7146
 83.4013  89.4722  306.095
 236.027  108.871  71.9577
 238.572  101.078  65.1306
 284.496  26.6932  219.981
 25.3789  42.5186  86.2894
 262.714  91.0105  17.3021
 27.6735  35.5419   171.28
 44.4187  80.1656  32.0641
 299.698   97.471  121.263
   61.91  94.9888  54.3419
 99.3494  91.6838  134.615
 293.064  26.7449  119.374
 35.6723  65.4962  108.857
 265.428  39.6399  208.875
 340.069   61.547  355.227
 330.327   64.233  87.5815
 126.528  30.3998   202.51
  288.02  152.432  327.893
 182.535  71.0515  3.75917
 217.417  69.9921   194.23
 244.093  99.5478   347.16
 29.5891  65.8741  199.363
 106.496  40.2338  140.041
 254.729  90.1712  315.165
 232.971   86.075  307.997
 71.5638  88.5869  309.655
 312.661  34.2036  197.048
 146.391  93.9247  312.153
 99.7621  37.5566  202.799
 284.758  89.1155  315.726
 204.462  61.0065  99.4531
  59.267  68.6209  193.039
 197.134  59.0769  185.603
 271.466  155.627  295.761
  147.75  44.1318  269.798
 9.91777  48.1364  359.154
 212.715  117.818  162.996
 298.524  25.3567  27.4842
 188.328  80.4612  265.691
 81.5888  153.176  220.839
     311  73.8989  243.795
 300.993  76.5778  243.971
 217.215  91.7292  140.745
 319.549  108.972  288.874
 31.6614   118.21   260.65
   116.5  21.7143  303.963
 306.995  79.2048  237.847
  167.47   134.45 0.160356
 7.97687   59.053  91.1917
 322.792  99.3704  32.7225
 129.108  63.4104  346.922
 221.528  40.4208  266.248
 332.592  129.498  274.943
 160.429  64.0639  326.894
 252.056  29.9167  332.339
 51.7279  125.172  260.873
 127.626  38.6077  98.9042
 338.456   123.81  185.984
 77.5608  137.398  94.3908
 349.917  46.7272  88.4277
 144.392  116.184   106.28
 134.602  107.277  288.369
 188.681  61.4386  274.976
 40.9995  37.0903   352.16
  296.58  149.699  62.6733
 212.211  62.8421  101.391
 297.342  142.422  315.628
 65.6583  113.316   351.79
 179.252  96.2632  87.4258
 190.546   71.754  308.234
 272.824    151.8  228.391
 32.6844  54.7336  98.1667
 328.267  120.765  100.491
 23.8792    76.36  102.127
 253.404   93.127  235.995
  46.771  74.6418  114.007
 145.469  73.1663  343.141
 288.796  167.104  214.612
 199.279  152.324  188.805
 29.8922  59.8036  187.983
 315.039  77.0064  329.764
 165.344  110.147  99.7822
 122.835   82.014  331.326
 311.891  73.4008  153.455
 206.111  58.6122  7.40896
 231.679  104.015   246.16
 204.998  134.857   357.38
 248.434  89.3238  43.0064
 122.335  84.0966  325.863
 155.957  59.8666  171.254
  271.93  100.559  179.484
 162.568  104.783  305.011
 12.8061  85.8161  302.672
 62.8409  148.829  205.091
 96.2493  156.175  118.695
 310.516  68.6258  254.031
 245.457  151.233  299.361
 316.134  107.545  294.048
 290.379   150.28  329.882
 61.5984  166.419  238.994
 21.1725  146.918  95.0573
 122.978  83.6896  327.979
 36.2224   55.544   190.68
 153.807  116.348  290.724
 72.4652  88.5479  216.819
 338.865  71.8374  155.167
 319.886  110.545  291.435
 69.4927  80.5401  290.574
 246.931  31.2472  310.308
 237.638  79.1982  296.969
 313.192  75.7436  65.5719
 307.032  100.821  300.666
  301.47  58.9164  80.4661
 262.125  39.8236  206.352
 176.335  61.7307 0.322052
 73.6295  28.2911  54.7114
 327.653  141.777  173.456
 1.12048  25.0433  270.984
 330.688  121.464  101.306
 247.002  64.0379  295.556
  119.99  148.568  66.4053
 29.9332  111.159  160.868
  257.56   142.93  198.186
 57.9918  147.224  20.5284
 215.096  66.2732  194.474
 39.7124  68.5433  17.1927
 328.315  119.332  187.803
 221.202  147.564  102.882
 90.6766  95.8584   69.515
 71.3838  80.5843  197.866
  166.64  43.8487   270.71
  76.366  150.799  46.3864
  359.26  133.187  239.881
 63.6705  124.213  73.7522
 119.573  95.8144  305.405
 133.403  108.617  196.611
 129.139  146.181   342.67
 212.023  66.2521  199.089
 309.351     67.5  165.865
 189.215  122.382  358.507
 233.049  77.3746  113.716
 306.923  102.359  202.471
 121.506  80.1914  62.0569
 276.056  91.6604 0.659144
 81.9357  39.6024  297.447
 310.283  71.2986  253.441
 70.5116  26.1162   301.26
 314.173  90.2364  43.7525
 99.3159  90.6665  132.935
 259.207  51.2943  30.7543
 251.968  152.335  301.118
 240.032     86.9  217.543
 182.652  93.1963  12.0899
 182.952  50.6901  180.816
 41.0578  88.1835   311.15
 142.728  118.438  110.396
 262.873  99.3909  175.113
 91.2334  25.2462  40.9498
  251.67  82.8444   20.952
 36.5045  114.227  253.955
 256.337  89.8707  225.809
 156.416  131.793  276.472
 216.334  111.692  69.4581
 308.858   102.57  204.847
 42.9373  71.8251  106.889
 221.555  44.9835  325.307
 282.847  25.3428  128.638
 1.65752  128.141  270.225
  185.83  47.0877  357.724
 217.568  114.084  72.4717
 43.3188  131.435  269.859
  255.47  56.1043  120.885
 148.164  74.3106  147.057
 273.073  26.1436  218.088
 58.4573  101.683  250.427
  287.36  155.129  146.921
 129.933  76.3705  66.8045
 217.892  46.8035  274.181
 311.992  74.9183  67.5325
 32.4612  68.0983  195.844
 16.0005  105.413  53.8684
 341.849  57.5641  337.018
  39.023  73.6534  112.215
 24.9347  125.188  173.195
 211.922  53.6551  7.30739
 117.927  94.7393  127.198
 134.383  70.7001  159.936
 354.384  74.0278  92.5255
 298.886    32.01  203.636
 254.963  54.7388  120.952
 232.378  81.0662  300.086
 178.289  133.561  180.343
 183.111  88.8882   187.74
  214.95  66.7312  15.3564
 290.741  32.1872  216.007
 83.4864  90.7862  231.782
 50.8933  32.9809  75.8919
 230.942  100.213  240.322
 192.565  41.1099  359.495
 64.7969  96.8369   70.402
 122.353  129.333  290.899
  7.5788  58.3383  92.5479
 60.2744  84.4672  35.7555
 159.708  44.2154  269.502
 174.877  84.3613  339.652
 33.6428  104.785  70.3283
 320.394  43.3846  182.314
 215.982  85.4228  38.4888
  297.81  85.9395  323.239
 249.044  99.7373  76.4466
 311.377  73.2553  62.6473
 326.292  38.7112  354.297
 269.354  152.995  132.188
 183.893  21.5318  87.2544
 346.479  48.5053  181.418
 190.074   173.52  14.8812
 147.448  46.2806   267.78
 293.026  27.6291   296.64
  214.37  57.7983  280.503
 264.174  26.6574  226.417
 62.3196  151.066  294.213
 25.3705  51.2192  95.0405
 321.529  64.1829  167.027
 48.5938  104.623  337.963
 311.225  30.3341  16.8949
 122.785  43.1446  94.2908
 29.9422  55.6275  102.172
 121.426   100.98  115.485
 88.8754  89.3032  199.455
 263.204  26.9246  225.412
 271.213  175.096  80.2775
 69.9989  119.144  50.3211
 12.7828  77.1996  97.0094
 59.6853  96.3935  53.1346
  32.191  118.898  168.933
 93.0116  150.815  137.449
 322.651  111.294  289.431
 320.764  178.085  322.102
 96.0431  88.0815  337.288
 242.894    30.46  65.9819
 156.327  79.6865  152.749
 354.469  127.086  273.047
 335.399  117.268  100.105
 237.485  147.406  291.558
  123.52  87.1084  231.249
  234.55  98.8631  329.578
 313.648  70.9102   251.46
 167.003  74.7372  254.049
 41.9244  85.1034  38.5451
  326.71  58.2598  345.481
 41.5143  82.0678  215.408
 247.756  30.0726  153.579
 356.836  22.3683  2.71703
 310.156  140.936  83.5489
  130.51   90.354  134.197
 126.401  77.3867   337.47
 258.911  170.045  261.473
 51.6319  100.996  332.788
 38.9096  116.754  163.719
 28.2233  122.862  172.211
 64.1594  31.1351  65.2681
  157.05  44.9434  180.906
 289.556  84.2319  239.415
 344.206   137.94  178.685
 87.0625  101.475   90.622
 317.401  126.957  277.411
 88.7991  31.7276  35.9675
 305.381  147.712  259.529
 309.163  104.108  114.562
 269.248  89.5244  314.127
  257.72  138.605  151.769
 39.7839  128.823  82.1673
 169.952  46.1518  89.8343
 46.9407  22.1081  58.6845
 314.581  101.465  212.702
 131.758  106.659   26.226
 358.264  86.5698  357.738
 240.358  94.4246   53.623
 35.4966  33.5145  80.8882
 56.1741  100.021   148.56
 339.403  53.7368  82.3928
 87.1015  21.8235  126.991
 242.293  31.2144  65.5162
 276.703  91.9876  169.983
 120.192  31.8377   22.743
 94.5472  112.723  272.276
 226.803   105.65  246.334
 69.2393  156.357  128.925
 135.881  129.851  186.924
 326.762  62.4926  254.881
 244.834  102.147  346.021
 108.666  114.862   1.8133
 207.082   149.21  8.43866
 48.7259  102.362  336.414
 10.1343  45.9064  358.267
 72.2248  85.8299  123.171
 235.769  88.8189  220.583
 110.281  153.325    326.6
 57.3254  31.4118   338.45
 356.158  120.933  358.357
 243.195  153.761   30.679
  187.39  142.634  271.531
 164.114  87.4388  137.034
 30.2743  121.116  77.8968
 153.765  66.9074  257.773
 212.455  103.807  157.939
   262.3  29.0411  140.461
 337.166  73.7882   335.78
  21.384  42.5625  269.941
 10.1167  43.9259  359.123
 137.736  113.384  108.985
 28.6316  71.6433  194.876
 71.7537  75.5804  271.346
 264.075  25.7001   317.31
 230.724  79.3167  299.424
 310.415  102.594  204.932
 287.167  26.4067  217.987
 349.258  91.2063  353.827
 22.0578  53.5592  4.22627
 18.3467  51.7667  184.433
 153.166  132.885  92.2972
 41.1153  131.464  179.462
 242.774  97.6402  148.849
 346.926  36.0529  181.834
  310.31  107.317  111.404
 215.958  117.782  345.378
 35.1883  116.866  252.084
  28.863  74.3979  199.542
 329.565  155.789  253.717
 185.044   104.91  64.0416
 112.408  61.2208  67.3521
 272.128  149.498  229.207
  147.21  117.782  285.714
 152.474  123.932  279.146
 276.156  153.663  50.3454
 86.8212  155.503  42.1251
 311.203  79.0839  59.4601
 225.335  76.0234  206.477
 95.6271  38.1266  4.11323
 98.6214  151.676  142.632
 108.126  99.3227  100.991
 226.234  103.773   155.88
 313.047  79.4015  60.2605
 107.783  98.2554  197.758
 224.185  70.4464  198.095
  351.18   51.405  178.679
 91.6355  25.4917  222.627
 51.1534  77.6482  111.701
 148.883  91.7441  43.3483
 3.30778   87.195  82.8959
 333.274  114.941  283.946
 28.3511  71.1551  105.336
 140.769   54.828  259.217
 175.784  111.907  180.136
 38.5818  73.6273  286.086
 220.235  70.3946  288.094
 64.5749  31.4869  153.437
 69.6265  28.4771  58.7778
 36.3149  69.2452  104.434
 30.7094  122.262  80.1033
 75.0526  151.069  122.887
 88.8877  24.0612  249.347
 92.1818  153.872   308.65
 62.1333  98.7953  157.695
 10.5297  46.4298   1.1122
 323.156  123.144    102.6
  131.99  103.584  208.575
 138.082  74.0159  247.785
 211.545    59.63  283.939
 236.263  100.636  65.2574
 319.425  46.8815  266.162
 335.746  119.486  97.3599
 279.529  30.7877  19.7698
 209.512  118.233  347.848
 295.393  31.5149   25.378
 302.426  108.759  23.8047
 250.002  29.4562  143.205
 53.0623  161.348  234.831
 329.871  104.542  34.4502
 312.355  102.607  296.692
 287.699   115.24   4.2966
 323.426  139.568  356.598
 208.576  124.468  174.018
 33.6372  20.1153  336.412
 238.973  41.2602  119.563
 296.439   29.525  204.818
 338.243   101.66  291.991
 235.887  79.5597   291.85
  190.41  173.352   103.73
 148.458  131.001   184.72
 224.566  139.356  8.35521
 38.7707  109.816  162.334
 84.4741  26.6212  48.9331
 211.386  67.6239  104.155
  295.92  125.889  292.369
  54.473  154.022  72.6389
 312.597  31.6121   285.92
   175.5   38.703  187.099
 323.888   133.06  2.68995
 149.444  58.0076  350.162
  92.204  90.4394  113.328
 313.641  101.592   118.07
 344.657  80.9289  259.127
 29.2216  61.3133  14.0878
 311.107  77.8732  239.218
 230.193  31.5788  341.912
 308.879  82.4132  239.121
  39.944  70.4183  198.602
 352.106   123.68   182.16
 101.141  89.7089  42.8967
 255.254  26.6103  55.3026
 225.295  126.101    81.41
 42.1419  108.158  70.0019
 306.247  99.1877  122.976
 240.016   148.31  203.233
 318.149  140.151  154.934
 300.074  80.8987  237.009
 145.118  142.063  82.3995
 247.995  173.445  350.428
 134.223  103.387  205.449
 33.1922  68.8448  16.3848
 320.459  120.851  279.417
 313.867  146.849  343.814
 319.121  66.0415  162.078
 7.45846  97.4499  173.047
 122.718  79.0634  333.533
 224.526  104.252  152.215
 288.047  152.972  324.332
 278.628  126.183  26.3582
 146.232  36.8037  185.619
 100.894  152.521  142.242
 57.0282  153.007    114.1
 359.176  92.9243  85.5636
 117.105  96.7251  35.6788
 218.809  67.1033  201.243
 44.6846  73.6915  198.522
 266.178  25.9785  138.756
0.430153  4.72626   180.39
 304.111  130.718  108.192
 299.405    153.3  334.754
 40.4431  105.782  151.129
 307.647  31.8908  16.9896
 6.08406   26.435  356.736
 175.011  17.4186  181.645
 325.713  117.701  101.287
 211.607  131.348  356.035
 51.5153  77.3414  204.841
 66.1083  29.3831  62.5368
 176.917  130.813  91.3536
 245.158  94.7852   56.039
 121.843  29.1843  23.7911
 145.905  65.6549  74.7174
 200.937  171.325  207.582
 297.039  156.255    239.4
 137.191  110.874  108.324
 242.027  149.648  210.485
 89.0784  89.9062  111.422
 321.385  62.6261  72.8087
 155.273  110.033  95.5702
 144.657  116.647  103.933
 187.819  96.2334  176.363
 175.526  105.266  29.8579
 53.7357  163.372   307.64
  63.775  15.8871  316.275
 346.641  141.387  357.926
 90.4271  26.5534  222.794
 329.668  111.042  27.8338
 264.615  25.8047  138.662
  100.32  89.7495  47.2871
 229.786  152.977  290.492
   214.6  148.521  10.1282
 53.4055  100.537  152.747
 91.3166  153.244  226.116
  34.709  64.4083  12.9299
 126.964  123.942  106.602
 307.834  141.947  170.523
 64.1721  28.4338  62.3404
 278.141  43.1429  18.4472
 278.723  31.8524  132.841
 32.1095  76.6019  198.495
 38.0397  71.0021  109.884
 18.7504  70.2435  115.341
 357.268  64.6045   234.46
 214.324  111.243   73.685
 336.558  32.6731  4.98936
 238.764  151.772  205.713
 230.011  74.8846  206.631
 204.407  15.5428  342.877
 131.768  85.7132  229.359
 330.591  89.8788  48.2857
 274.756  165.071  84.3768
 275.886  148.241  130.737
 13.3195  29.9633   175.85
 124.355  81.9938  240.371
 305.663  37.6551  98.0993
 68.9399  150.291  215.926
   325.6  116.997  285.285
 6.98823  96.3814  352.172
  314.73  91.5938  313.782
 316.191  107.757  111.671
 202.735  41.4765  267.811
 313.504  74.6311  64.6543
 69.8562  152.898   27.562
 92.3763  157.096  87.8362
 133.493  149.391   343.87
 312.118  61.8826  339.716
 48.3179  80.2553    303.3
 155.443  116.257  10.5846
 226.896  146.325  284.887
 28.0394  53.3346  277.909
 124.746  149.266  157.609
 79.9235  112.312  88.3259
 93.6428  31.9321   229.07
 100.916   67.054  263.201
 4.84358  116.183  178.944
 16.9928   121.31  264.269
 25.1758  53.7791  98.4624
 290.546  148.226   29.929
 189.636  44.0427  90.9192
 319.877   59.443  260.072
 285.386   68.143  255.548
 75.5686  89.2904  46.4391
 63.8233  148.758  114.817
  137.41  71.3074  158.194
 60.7087  85.0417  38.4666
 333.182  103.069  113.417
  220.79  134.377  270.505
 120.649  54.1747  159.749
 220.806  69.1816  108.873
 308.552  40.4615  185.724
 341.123  122.671  186.486
 334.106  52.1788  355.755
 66.1164  161.109  315.762
  358.95  113.215 0.369039
 275.409  90.8473  206.947
 220.343  34.0049   79.369
 168.667  107.633    32.09
 323.637  110.466  107.789
  11.281  138.429  269.592
 44.4383  108.199  250.308
 97.4689  87.8669  280.674
 36.2981  38.1782  259.869
 234.871  150.536  112.298
 37.1886  67.6469  287.863
 348.467  84.1189  355.149
 315.538  143.671  170.335
 115.204  28.2016  118.812
 131.053  149.662  159.501
 267.146  91.4077  241.256
 155.795  14.6383  282.829
 187.341  26.9722  87.6553
 108.328  29.0288  28.4828
 115.718  85.4845  50.9253
 262.193  159.215  76.3709
 291.042  155.844  329.174
 352.746  136.337  268.283
 242.313  73.8905  17.0477
 169.597  142.236  180.246
 265.644  86.1656  80.5645
 149.143  118.504  281.923
 47.8489  77.5702  207.899
  101.95  93.9985  1.26078
 98.3252  90.1662   309.91
 322.286  42.1089  2.01428
 320.952  73.3807  69.8034
 293.573  33.4068  275.463
 129.435  76.2945   244.65
 36.8984  64.3529  196.894
 34.8278  63.5051  13.3753
 274.182  15.1216  177.487
 153.056  128.867  279.504
 130.571    101.9   122.17
 323.356   114.06   193.88
 328.805  132.342  359.061
 230.126  101.952  243.671
 229.577  121.892  160.286
 304.297  26.6923   205.78
 30.6333   139.34  4.34774
 112.106  80.1629  347.968
 147.166  69.0394  73.1799
 117.553  86.8619  139.245
 57.9606  150.901  22.5823
   284.4  88.9613  141.913
 232.215  147.431  106.763
 310.966  77.8824  241.608
 299.781  124.448  111.232
 91.0522  108.693  81.2528
 144.619  111.987  286.444
 64.9642  28.4604   63.568
 150.688  119.807   283.15
 298.575  99.7953  115.142
 343.468  127.543  275.545
 148.267  112.992  199.115
 231.296  77.2034  208.921
 343.444  44.2108  181.983
 267.313  90.6858  231.243
 295.053  81.7725  328.005
 310.791  31.4674  197.341
 314.023    88.24  136.666
 104.858  26.2367  35.1605
 93.1494  150.873  317.969
 117.223  37.1766  135.097
 151.803  74.4699  160.198
 52.6536  95.5773  321.607
 320.116  98.6981  213.522
 267.366  27.0448  45.3707
 252.314  148.452  213.331
 151.213  89.7276  132.545
 30.6049  134.646  91.1573
 334.311   146.94  83.7572
 235.227  82.0682  123.101
 258.363  23.3784  44.4371
 160.742  57.0051   352.26
 87.3727  153.306  225.384
 116.276   152.64  244.263
 339.135  76.1649  340.187
  2.0775  91.7375  9.82586
 181.795  93.6645   79.001
 37.9922  115.374  254.723
 123.615  149.819  245.621
 7.14052  82.9512  273.967
 118.116   32.323  26.3051
 94.6851   90.212  128.538
 108.428  28.6093  125.075
 59.9382  93.7444  231.414
 236.071  91.6627  135.437
 47.1419  107.325  71.1635
 312.369   36.589  7.95078
 236.073  150.094  112.357
 234.475  100.448   241.13
 233.113  169.595  318.938
 356.918  135.242  1.80863
 128.694  147.653  252.562
 278.872  78.0373   355.01
 299.634  29.0829  29.0282
 336.518  147.382  350.349
 9.64327  49.6696  181.577
 331.602  118.902  100.572
 2.84114   91.326  67.7698
 90.8434  155.454  234.382
 181.086  155.482  178.704
 105.814  33.6569  16.0667
 322.252  113.065   287.15
 327.565  109.775  15.6754
 62.3961  30.9608  57.9988
  63.316  82.3961   300.76
 324.287  105.485  216.799
 4.23296   130.59  3.08154
 102.471  118.477  270.399
 126.915  100.667  115.023
 319.347  112.507  197.582
 134.635  79.6423  146.215
 202.226  132.854  358.896
 310.737  105.121  22.3103
 241.265  97.3663  148.807
 142.938  62.2562  344.666
 238.685  110.848  145.983
 310.623  104.195  112.608
 99.7515  72.1512  3.77631
 121.018  32.8601  292.403
  183.05   57.374  197.298
 192.419  51.4466   90.167
 68.0273  103.635  52.4335
 201.771  152.611  192.133
 321.937  62.9038  74.5862
 155.391   75.639  257.749
 230.763  56.5909  278.912
 31.9418  72.7369  107.473
 243.121  85.1379  37.2226
 279.212  89.3177  304.565
 186.101  72.4762  8.42123
  315.14  145.534  258.272
 281.083  28.7971  220.757
 119.763   57.729  177.443
 164.436  108.885  277.532
 305.912  33.3158  13.8395
 315.085  51.1438  356.818
 34.2318  107.804   341.05
 238.862  110.746  78.0544
 293.999  95.0152  19.5837
  226.64   31.847  165.947
 16.3193  102.045  169.905
  112.75  147.257  174.941
 332.462  59.4327  351.457
 309.057  82.0885  325.813
 25.4675  35.2266  83.7217
 222.097  117.154  77.7787
 164.581  18.3291  99.4411
 4.64328  96.6526  182.019
 291.229  34.4765  243.205
 6.93999  67.4482  181.548
 303.986  150.039  67.4076
 264.563  89.5762  226.392
 311.657  102.858  297.256
 189.598  62.0054  92.3789
 139.576  96.4822  214.103
 103.945  109.701  97.4105
 47.0491  78.5354  208.797
 141.147  115.689  284.047
 135.931  52.1795  80.8517
 279.711  151.774  214.971
 121.564  148.508  63.6424
 234.513  46.1079  92.9119
 160.257  133.386  272.885
 307.959   47.116  86.3752
 211.819  59.9269  10.1688
 83.1957  71.1933  185.409
 168.019  45.8509  180.292
  191.02  23.6744  263.915
 155.029  115.755  100.648
 32.9794  122.559  79.0651
 53.1596   77.284  113.772
 310.502  97.1852  33.8767
 153.748  56.5569  350.506
 146.262  113.182  284.834
 25.2342  136.811  90.2957
  140.79  71.1211  161.138
 48.0683  102.603  326.677
 296.566  102.531  102.978
 163.286  104.924  125.743
 253.491  18.9475   41.552
 54.0803  148.894  19.8411
 183.992  116.796  219.147
 302.124   92.723  41.7296
 234.068  102.713   242.18
 87.6934  92.5782  337.574
 299.408  96.2004  39.2968
 335.319  101.968  22.5562
 101.526  127.695  275.165
 218.105  114.926  343.389
 56.2152   152.03  110.908
 241.085  98.3869  328.717
 50.4811  44.0615  87.7339
 262.331  26.4703  321.519
 55.5718  38.5974  352.775
 263.102  25.8623  46.3337
 251.001  148.113  210.883
 345.901  136.637 0.715825
 234.379  147.609  107.062
  241.77  164.721  130.598
 39.4615  71.6874   289.46
 252.945  28.7614  146.992
 303.382  14.0991   311.95
 104.656  153.374  143.236
 272.229  91.4267  230.846
 281.313  81.6145  162.707
 143.518  57.4331  79.1534
 125.025  137.859  357.152
 236.209  99.6404  238.356
 236.191  98.4024  148.051
  128.29  127.848  94.1857
 293.684  80.3609   167.88
 138.948  117.274  106.073
 303.142   104.86  205.345
 223.041  106.556  335.041
 277.008  94.6684  284.764
 34.0796  116.705  345.987
 90.9986  45.7197  114.803
 214.131  89.2211  221.305
 265.028  153.771  47.8873
 116.057  76.2334  332.698
  273.69  91.5975  25.5279
 146.358  116.122   195.74
 352.051  96.7242  10.8515
 228.629  133.227  178.294
 305.918  99.2618  298.421
 264.122  79.6911  183.107
 41.7921  45.0805  87.0687
 241.448  86.9316  218.648
 267.703  148.901  323.184
 219.029  36.6403  258.297
 145.528  60.6075  350.437
 135.699  68.6314  164.538
 302.458   103.62  18.2639
 145.114  67.3945   74.575
 78.0398  150.594  20.7968
 291.877  159.107  291.947
 151.409  68.2611   255.92
 288.575  129.186  127.735
 323.655  111.551  196.096
 276.989  153.416  132.101
  51.795  87.4872  313.195
 157.697  42.0141 0.987103
 345.535  138.198  268.922
 12.9077   102.93   346.12
 233.131  60.4788  22.5957
 118.529  30.8401  113.899
 35.4182  71.8521      286
 314.209   146.64  74.6128
 259.755  62.4957  8.43323
 327.589  114.058  104.648
 312.675  36.5156  10.1449
 344.617   133.73  359.051
 12.8893  45.4771  179.876
 54.6336  81.5636  211.268
 269.208  92.5064  157.205
 305.206  106.202  112.715
 268.745  147.108  323.583
 172.274  93.0547  200.229
 214.063  61.6944  104.435
 93.3748  87.0119  187.243
 262.213  152.378  38.4513
 73.4968  86.8049  119.361
   319.8  140.342  265.579
 311.184  19.3238  224.578
 32.8895   65.359  104.638
 263.623  90.2492  233.762
  325.24  118.518  282.134
 213.735  58.3158  10.0165
 68.4395  118.169  230.401
 337.123  72.2056  343.368
 267.518   27.527  135.545
 146.736   117.53  12.5747
 44.9817  76.3811  297.299
 222.842  58.4216   282.63
  253.17  26.9333  54.9129
 67.8048  81.4646   18.393
 131.773  35.5511  18.5462
 131.595   77.841  241.767
 159.463  74.7549  244.855
 104.181  88.0265  46.4224
 320.399  69.2363  343.102
 256.896  23.6991  317.373
 256.061  150.105  131.007
 141.427  113.138  19.5425
 39.0787  76.2037   202.63
 284.834   89.787  134.714
 23.6446  173.705  201.217
 241.919  22.1335  329.223
 226.586  104.954  242.762
 30.6867   76.355  105.354
 55.3822  99.5933  148.402
 224.436  105.985  336.661
 296.192  152.591  152.181
 331.988  121.327  10.6234
 126.776  86.6872  50.2529
 62.2264  28.6186  60.1551
 148.112  58.8007  168.869
 251.007  28.9854  151.947
 244.817  109.464  347.238
 140.469  108.048  290.743
 75.9634  85.9396    207.4
 25.0336  66.8364  14.0477
  276.27  149.148   100.37
 315.523  69.9751  247.306
 3.42437  86.7481  190.788
 306.318  141.058  80.6173
 175.697  160.061  86.2411
 65.4894  85.1997  124.026
 235.057  31.9649  250.892
 310.695  103.955   28.718
 113.938  84.4691  321.965
 77.4565  94.8558  84.8462
 319.887  68.8988  253.084
 92.6627  90.5875  291.399
 164.849  100.876   13.995
 221.263   24.048  337.961
  118.41  148.419  247.473
 210.115  68.3233  112.102
 47.7093  80.6448  213.949
 215.649  61.8232  280.815
 226.738  78.9779  25.0972
 188.386  130.719  88.3902
 299.215  150.238  335.572
 112.791  12.9819  51.2485
 110.484  91.1874  314.151
 28.5184  123.914  260.364
 168.576  126.531  197.919
 328.737  70.0223  164.846
  251.14  147.056      120
 25.2294  45.9256   183.17
