   phi1       Phi      phi2
36.7859   8.35108   344.272
120.217   36.1013   238.594
244.187   9.77132   111.726
166.389    24.756    194.16
113.412   26.2457   259.595
 245.48   39.9742    155.13
357.775    41.581   22.7035
 302.76   31.5606   98.5823
30.0401   29.0928   354.593
292.173   33.9208     31.75
154.287   35.3295   170.199
291.726   32.2872    31.979
287.986   30.2714   55.3305
198.788   42.8192   186.372
232.617   37.9553    170.31
26.1844   37.2951   3.29884
84.0097   34.1272   238.133
56.1581   40.6287   317.603
225.139    29.057   94.1064
64.3788   20.2382   336.988
74.3995   28.6507   313.437
115.307   23.3012   212.379
125.877   19.6517   218.896
 335.59   39.9093   3.78185
256.589   33.2432   129.236
311.859   32.2933   18.2834
 198.28    29.044   192.963
285.786   9.11387   76.2339
244.511   39.6968   151.436
 199.78   23.4337   165.305
132.284   39.1404   197.569
184.986   9.88009   180.684
285.405    33.183   93.5653
107.862   24.2993   234.263
292.614   34.2859   100.977
328.184   41.3465   20.2457
73.2742   4.35091   279.805
226.131   49.7371   114.503
263.098   44.8398   131.416
258.782   23.1987    141.87
32.1983    21.469   341.089
 137.04   12.4391    190.57
166.296   42.4035    178.96
235.487    32.465   156.426
14.5951   31.6424   328.547
64.4854    36.762    329.34
74.0201   25.7889   309.845
196.803   34.1122   153.607
152.037   26.3677   187.016
102.082   22.9327   220.955
292.358    21.169   42.6436
 274.01   21.9764   53.5225
5.01469   25.8457   358.508
212.304   40.1784   170.368
 123.66   33.5178   208.718
264.812   27.6631   112.328
233.486     36.43   166.105
246.977   44.2263   131.408
161.068    41.314   185.329
31.2185   43.9148   5.48775
32.0149   20.5724   338.194
251.211   28.5137   138.679
113.066   28.5536   263.233
215.382   23.7986   184.832
67.2566   20.2602   320.636
122.394   22.8836   192.053
56.2501    42.776   281.439
107.515   34.3117   286.724
251.777   30.2077   66.4016
 193.45   21.2597   125.236
245.486   32.0935   71.9378
275.869   19.4629   53.9724
240.686   43.1035   159.958
295.946   28.9793   21.5264
23.4657   6.67791   310.746
251.514   32.0829   130.059
137.035   33.1991   246.015
105.223   26.5984   220.646
302.008   25.0238   31.9942
45.2914   42.9521   323.258
28.4766   43.2496    344.27
91.4107   40.4641   310.068
157.141   8.08368   203.256
 64.278   34.1487   335.097
 133.53   46.5831   184.981
58.3983   38.0448   263.991
 236.96   18.9147   123.332
279.828   23.7839   125.382
298.701    17.727    54.942
270.701    32.616   105.808
112.773   23.8247   219.669
7.49068   39.1373  0.552418
48.9074   51.8801   341.146
252.886    43.546   149.807
241.043    36.372   159.126
66.5567   12.8703   311.332
75.5453   22.9339   327.723
286.849     28.25   34.0822
245.182   20.7992   97.2189
121.831   47.9201   214.874
257.516   27.2389   119.273
307.319   13.6665   29.2943
272.842   42.7202   80.7396
219.902   40.6685   103.563
94.3153   13.3155    227.88
286.519    20.816   110.127
245.725   34.7916    74.747
227.402   32.6885   158.768
93.3435   2.08483   245.087
235.921   44.2879   157.781
287.867    30.964   47.6918
32.6321   32.1586   3.05088
260.116   25.5065   136.296
117.005    26.477   214.344
253.224   16.2591   148.406
172.158   22.3909   182.154
116.617   44.0749   279.534
36.5851   33.7304    342.29
245.943   35.3161   135.226
63.4088   18.3404   329.425
317.063   39.1666   80.2777
359.169   37.8336 0.0984477
343.216   20.4782   355.691
295.929    45.919   35.6852
302.364   30.4833   102.582
328.498   40.2174    358.87
140.716   44.0561    210.24
252.709   23.6065   90.8974
264.259   29.7756   118.681
 148.02   44.0594   182.544
268.172    38.015   59.5342
26.3965   9.20882    343.48
196.616   40.6224   171.247
140.406   18.4812   207.547
62.5133   37.0312   260.551
228.979   38.9014   157.823
94.9584     39.81   257.557
84.2417    31.156   303.942
128.166   9.83524   221.241
105.209   30.7696   212.194
273.019   35.1216   124.217
67.5343   37.3866   325.557
182.411   31.2793   160.567
110.551   24.4303   277.414
128.166   22.7517   266.949
93.5777   41.9369   242.591
266.275   16.1151   125.109
188.046   36.3174   196.743
66.3048   23.6477   328.359
223.132   24.7895   153.937
179.977   40.7846   222.207
214.514   33.5755   160.442
146.421   33.1215   187.272
254.773   24.6841   65.5362
310.946   31.7183   34.6859
297.942   34.4314   97.5772
260.951   33.8834   113.347
 96.257   29.2018   220.337
196.696   38.4517   172.139
79.1996   22.2817   316.407
 281.46   8.66233   107.789
274.041   9.01742   58.9874
178.193   30.2737   197.425
309.485   19.6325   30.3097
100.028   34.9516   296.697
56.2602   27.2452   321.039
138.404   49.4221   199.687
342.958   42.9119   11.7467
251.115   21.5536     80.46
100.191   20.1864   300.519
102.823   39.5148   218.694
173.499   35.2246   190.073
223.814   36.1927   160.321
141.505    36.063   188.554
 237.25    51.575   140.626
207.932   34.2202   185.024
300.899   42.1923   93.9314
279.813   34.0752   105.447
287.136   29.4215   34.3919
279.502   23.5486   48.5578
141.884   21.8701   188.828
245.579   26.1871   154.528
216.939   18.9391   176.494
127.308   19.9827   192.849
293.927   23.1284   44.6239
248.571   19.1053   130.909
40.8385     18.58   352.491
323.959   28.3697   43.8054
316.256    43.949   20.0702
 214.43   11.0022    159.01
251.079   17.1841   139.257
245.991   47.3301   144.653
 138.11   34.4734   236.142
81.8401   14.9844   309.961
327.588   44.6876   359.029
201.107   33.3338   180.394
24.0386    31.241   2.91377
64.7909   33.9715   294.625
89.1144   15.5748    280.95
59.5909   18.6149   257.104
306.776   50.4226   28.7152
324.684   39.6814   351.833
 247.69      44.4    94.608
65.1915   39.3519   249.674
 255.71   23.9026   138.961
  298.8   31.4375   15.5372
97.7851   24.8516   220.094
59.9524   41.4399   261.966
246.259   25.0678   75.7468
299.558   39.5259   22.5099
192.756   35.3146   196.064
247.255   39.5011   72.3179
83.5018   32.1162   291.818
146.484    31.736   200.749
293.945   12.9788   98.1571
114.225   31.7621   278.895
223.894   27.5931    174.55
85.4036   12.5473   286.864
179.655   32.5969   160.194
298.053   19.5275   97.5813
350.897   45.2649   14.4684
321.271   30.1592   11.4808
328.659   38.2391   70.3833
260.113    21.591   111.795
308.509   39.8286   19.8063
306.551   28.0259   26.9795
359.552   43.8383   21.9899
158.233   39.5597   242.349
 238.73   32.7063   144.699
60.4257   35.2027   257.986
309.985   51.5866   24.7418
342.958    38.867   330.422
234.562   27.4248   88.2944
43.5877   36.8689   356.813
313.673   26.0112   17.3188
 274.85   16.3587   59.8677
  320.7   31.1182   18.4379
226.179   30.8511   150.294
114.796   16.9971   280.066
192.142    24.755   157.319
117.095   26.9289   221.837
97.1324   43.0897   236.414
  303.4   28.3432   22.2914
97.3986   34.8027   305.716
251.956   12.2808   119.307
105.264   31.4026   241.928
254.945   17.6229   135.756
275.849   30.9787    54.032
245.713   12.2895   148.735
254.975   37.6098   69.8498
131.004   23.8366   242.761
204.051   25.3587   188.149
137.131   32.3325   179.508
178.636    43.106   192.842
 114.71   31.8326   212.038
113.834   32.5884   208.116
93.3536    29.508   222.955
141.746   43.6977   191.373
 308.94   44.8183    12.167
350.475   36.4321   337.844
96.9739   21.8879   229.556
236.732   39.7668   80.6028
65.8665   22.9633   303.962
273.297   30.7716   50.8346
60.4207   39.2215   342.642
350.994   43.2297   336.761
254.573   2.88352   119.608
254.103   14.9907   150.646
290.763   16.7108   98.0605
247.419    31.563   142.322
74.2486   43.0299   328.218
69.1482   41.4513   327.332
2.10323   33.6107   2.79004
289.522   29.0996    90.918
223.591    48.299   160.731
 167.95   5.15451   198.374
47.2746   48.4968   343.738
84.0916   32.9375   250.916
71.9734   37.4857   324.568
214.975     43.54   178.386
335.718   31.5488   19.3109
251.169    40.884   149.361
137.353   45.9016   208.743
351.514   31.6204   9.51959
328.221   19.5323   359.791
326.595   23.7723   24.6943
184.864   42.0367   192.028
73.5878    29.393   313.678
198.791   41.9261   196.669
152.019   32.3722   173.654
293.773   28.9449    109.68
286.742    27.111   40.2102
 238.98   22.3886    136.28
297.126    15.403    98.371
160.812   28.9938   180.113
230.794    42.649   163.337
277.996   8.25776   89.3347
241.412   42.7781   102.206
275.561   29.2907   127.573
178.689   41.3325   176.534
338.512   37.7995   359.959
340.918   40.0367   342.318
91.7777   31.3102   308.486
75.9283   38.8647   309.855
113.887   40.7176   235.004
246.536   15.8628   101.875
329.222   19.8649    44.277
264.444   28.1997   56.2461
9.14508   28.8709   342.534
340.855    41.528   20.3344
101.819   36.7936   214.107
26.0815    33.309   12.4457
140.023   43.1705   186.712
 306.68   38.5167   27.3614
253.549   51.1004   136.702
101.583    20.936   229.759
333.075   50.0464   58.7647
312.995   35.5146   27.1317
311.882    39.474   18.3107
105.741   34.2344   262.433
62.8041   25.6223    322.55
257.177    20.162   118.081
162.179   8.26469   178.001
351.255   41.5968  0.914665
40.6901   32.3117    342.91
202.254   34.6017   175.915
269.568   26.2241   46.0052
200.536   49.4842   128.277
287.818   26.6312   34.9028
120.969   13.1755    215.24
36.8516   16.2709   356.745
206.145   32.2552   183.577
177.966   15.5852   177.771
289.281    36.823   42.5527
272.791    5.3368   101.768
315.137   26.6781   13.9784
256.701   37.3677   145.214
280.759   30.5037   42.8471
343.975   30.1388   5.17091
 255.26   9.87942   138.041
256.885   35.3645   56.6215
351.449   44.0591   8.71858
137.621   31.1344   257.177
343.651   32.9777   11.5453
100.223   13.0073   227.616
 215.36   38.9481   147.032
280.999   25.0008   34.5486
49.1151   24.9426   349.721
63.4785   22.7312   260.469
105.284    23.083   229.246
259.901    36.988   118.984
344.788   28.8256   1.67867
65.7755   43.0152   288.739
186.658   9.73078   176.872
127.496   16.6668   200.847
299.795   40.7075   17.1443
326.253   16.8317    58.443
241.161   32.8438   130.319
251.855    18.995   127.775
258.033   10.1994   91.1428
228.216   41.8857   153.759
244.903   15.3902   157.701
11.3254   39.3456   19.8839
259.562   26.2806   63.5928
307.286   11.4891   21.3447
266.016   12.0701   128.919
56.6691   20.7508   303.401
285.799   4.97736   75.6329
219.521   35.3551   97.2449
254.332   25.9183   65.0353
35.1887   28.2265   4.08359
25.2809    1.3492   348.623
252.235   40.9955   152.131
262.871   32.3515   134.262
229.036   22.6641   173.174
165.468    37.159   177.596
238.487   36.0785   77.7238
228.005   29.7413   168.405
356.028   27.7688    354.27
243.325   30.3068   160.049
149.205   29.9285   174.521
295.326   36.5562   98.1615
167.842   31.9017   196.235
1.36208   24.9678   2.41577
321.318   39.4778   354.866
 105.53   30.4715    236.13
208.689   41.8186   169.886
239.097   16.5616   156.012
30.2037   36.5224   348.661
30.5213   44.5227   8.24811
 302.14    31.546   26.7424
84.9221   11.5166   233.242
342.772   43.5959   6.56935
280.681    22.507   122.782
182.368   26.6902    176.72
40.7512   16.3321   342.792
96.2367   32.3543   221.576
13.4688   37.7484   346.247
250.693   36.7541     140.7
 166.38   40.6715   194.745
335.599   29.3942   352.237
256.714   35.6443   60.6867
90.1713   16.0439    302.59
268.527   16.3273   129.538
287.364   9.65005   54.9118
359.486   32.7855   1.12189
56.3335   5.12105   336.085
231.896   20.2267   139.493
31.7065   53.6425   297.678
190.035    39.971   172.046
124.846   27.7602   196.462
44.5698   37.1444   350.289
307.201   22.7396   20.2366
334.389   39.4695   6.81148
247.109   47.0032   132.866
195.147    36.967   177.719
253.746    21.864   72.4712
145.343   46.5937   190.578
203.929   25.0563   164.148
107.384   31.4264   217.534
247.417   51.0919   132.352
20.9761   41.6517   3.68201
346.285   34.1321   9.64276
251.191   32.8385   146.566
81.4769   36.8755   321.328
65.5931   29.0558    255.01
100.568   28.6337   215.138
274.269   24.3987   45.8057
61.8917   30.9027   310.071
41.9694   47.7854   347.954
2.35836   37.0591   354.393
132.595    41.476   210.589
306.151   24.6643     46.86
271.526   16.5066   130.096
112.795     38.73   287.355
139.398   14.2823   202.639
274.276   21.9831   126.186
85.5341   30.1158   309.729
275.182   41.9222   111.261
311.982   19.7404    32.507
133.882   41.8971   189.644
72.0593   31.3499   322.316
216.146    26.515   166.243
114.204   12.5375   259.913
30.2795   41.4791   11.2641
256.619   35.0017   128.971
229.942   24.1987   83.1722
82.5635   29.0221   317.769
204.671   10.0382   150.436
253.608   14.9462    130.02
246.135   25.8482   156.037
27.4534   46.0001   356.349
339.659   34.9864   4.09715
340.785   36.2606   347.755
87.2354   34.7888   313.135
285.058    24.756   30.8334
182.079   35.8479   147.562
40.7302   33.6718   355.514
 276.87   21.7235   39.2469
49.1216   22.7847   276.464
51.0913   43.4942   341.974
281.635   37.9535   122.646
127.458   26.2976   198.219
57.2425   37.0514   333.871
162.974   12.6229   210.384
218.111   39.3373   172.167
  325.3   33.2895   1.26764
235.694   25.7614   161.311
241.146   25.4062   77.3095
148.679   44.8433   249.374
104.413   45.1743   220.377
164.626   38.2823   185.452
197.032   18.1032   142.661
145.155   23.8787   184.002
328.622   35.4662   69.8511
270.351     18.15    126.35
 306.58   31.1863   15.0344
163.075   15.2723   167.445
129.108   44.9581   205.939
340.707   44.2175   357.116
262.711   42.6199   74.5227
298.386   33.9351   22.6048
43.0136   25.8782   351.464
265.406   29.6922   133.331
104.024   34.3718   209.972
24.4719   48.1251     302.4
282.714    43.698   49.9168
160.384   19.1742   177.067
138.739   19.9462   189.243
254.343   43.2997   92.0112
101.621     14.71   287.321
281.958   40.5838     55.85
70.9892   26.1538   254.216
190.177   44.3897   190.511
288.588   36.4129   49.1922
325.226   20.9907   71.9787
229.588   27.3828   159.365
 147.81   26.6228   189.723
252.836   44.9361    116.45
161.848   33.4628   182.902
250.724   23.6835   142.761
51.2974   44.3049   337.419
28.2436   31.9212   347.923
272.772   31.8996    120.28
91.8819   33.9271   221.908
322.248   40.3033   19.2521
28.2477   27.9026   359.872
284.868   32.6627   38.0747
 224.77   30.8134   171.034
126.183   51.5781   232.614
283.116    23.351   100.102
119.583   33.5534    281.14
130.516   43.5948   186.126
307.351   37.3932    16.304
131.967   45.9532   262.733
231.469   27.9494   135.373
91.4257   42.7858    310.65
49.5722   43.1027   273.915
132.749    25.115   194.168
 245.05   34.5536   75.4803
 231.12   35.3449   160.832
349.012   26.5674   8.65186
 227.81   36.6345   95.5715
323.129   34.3632    23.067
301.929   15.1135   37.4229
  209.2   35.0173   163.884
313.621   44.5074   85.9706
335.472   45.7887   14.0005
263.012   39.4347   133.963
275.941   27.1404   124.023
297.263   31.5629   27.0882
76.3884   26.5497   242.651
64.3267   31.9307    327.75
107.566   16.6273   227.423
71.1055   30.1991    327.08
291.232    21.226   28.8749
32.9789   43.3037   358.239
68.5887   33.9297   329.164
100.153   32.8105   218.127
100.709   30.3615   279.885
187.216   43.0247   166.862
 283.34    23.228   35.4134
249.881   44.4285   132.519
234.433    28.352   153.395
141.057   16.4744   198.733
96.1416   27.8284   306.429
221.268   29.5153    92.721
87.3779   27.4097   241.855
306.727   48.4408    22.466
97.7875   24.1445   224.417
254.467   39.6912   134.868
223.386   31.8957   93.4634
45.4242    12.085   307.586
30.1133   35.0043    359.05
1.94888   31.0055   12.6975
357.511   33.5205   350.597
275.567    30.891   44.6959
40.6431   48.0445   341.383
85.2652   22.8783   307.497
258.349    26.662   137.476
253.924   45.1103   93.9468
258.216   27.9611   135.904
289.094   41.9455    100.91
174.707   20.5674    182.18
91.7866    44.348   302.031
281.413   41.4205   101.914
293.867   43.2425   85.9252
267.659    23.136   104.613
134.493   37.3569   267.548
321.253   13.6078   43.1243
221.824   17.9313   154.179
316.151   15.7468   4.55325
329.089   16.8797   38.4578
283.637   28.9239   57.4726
313.533   35.5129   10.5802
300.882   33.2225    19.196
100.931   28.6912   217.248
286.416    38.224   107.089
287.293   22.1642   61.0991
291.374   20.2228   112.853
64.3891   24.7764   323.395
94.4369   43.1893    270.51
264.519    24.466    53.776
116.136   39.4427   284.128
155.001     22.61   182.052
342.403   28.9836   352.505
190.833   8.53216   156.693
227.021    36.083   176.315
273.408   31.0581   127.489
 302.35    46.974     67.55
81.9293   27.0877   239.052
80.7137   9.40299   254.451
323.777    47.176   62.8111
60.8558   30.2162   254.446
89.4226    18.898   309.158
297.578   45.5007   22.2467
125.617   8.53144    202.95
8.91996   43.3929   339.901
142.991   23.5732    193.93
38.6324   41.8079   353.387
270.447   35.1462    58.799
201.187   31.5555   176.329
306.508   14.2287   47.5593
50.4275   25.9937   337.016
79.5191   45.6508   319.142
  240.5   15.3873    157.85
84.3954   37.8249   241.012
257.565   23.8039   109.807
284.087    21.555   110.266
319.299   42.4512   2.31764
214.285   24.8046    183.52
1.35252   38.9622   30.6961
236.261   27.8225   167.208
  50.32   16.9327   263.258
144.064   44.4049   178.244
286.938   39.0462    41.692
77.1377   22.7848   274.832
125.889   46.2056   203.244
223.861   53.6849   128.689
220.056   36.2209   95.0852
 105.77   19.1865   215.547
    350    19.228    14.354
185.545   32.3898   179.076
 71.382   41.0081   275.279
90.8555   30.2401   308.499
124.957   48.3455   205.147
346.838   34.2026   342.742
 227.06   18.3419   132.083
274.824   29.0289   55.6295
86.6691   25.6901   233.177
187.703   17.5694   193.347
34.1029   33.5963   354.568
80.3199   25.8329   241.427
248.939   20.7289   153.029
243.418   27.6407   145.136
350.146   20.3035   19.3788
271.979    14.882   95.5997
290.114   41.5508   46.2295
254.659   24.0253   84.1711
125.802   46.3936   241.159
103.877   26.9389   216.719
64.1839   17.2185   312.357
216.076   52.1967   141.989
76.4047   30.8188   269.871
352.282   44.4103   346.474
109.911   39.2636   266.391
123.982   32.7774   275.168
256.762   31.5116   58.9715
227.786   57.9092   140.814
342.275   39.8029   14.8721
 347.21   25.6759   354.661
 352.08   37.0907   1.98835
218.322   37.3367   183.119
54.1198   37.9739   347.051
301.644   18.7248   37.2492
 280.63   22.3068   44.1622
272.142   34.0482   50.3088
44.5595   23.6504   309.212
132.147   41.3979   196.799
44.8767    31.676   357.193
219.659    46.496   173.351
312.116   38.3922   13.7119
 223.11   39.0919   172.754
318.019   50.8089   44.0143
48.1867   25.9451   281.702
66.4307   23.8325   331.063
308.308   35.1412   30.7171
 307.63   22.0591   21.8607
230.315   32.4501   87.5671
332.852   39.8293   354.983
242.485    38.641   73.9032
157.337   32.1083   187.455
294.944   38.8434   27.3739
157.897   30.3616   182.379
70.1645   22.2425   332.023
2.13816   33.4366   7.79195
 110.54   22.0277   204.942
334.114   20.9346   4.47397
158.941   27.1333   161.667
80.5444   34.0061   322.383
69.4867   26.6286   328.189
142.042   41.8411   197.529
229.895   19.5395   150.069
97.1446   40.9361   224.954
76.9142   31.9565   237.072
104.808    32.294   220.105
339.869   33.1995   5.00136
150.675   42.6483   179.002
30.8313    37.438   286.763
297.663   45.1278   95.3272
 144.87   46.2744   191.271
269.636   18.1508   58.6317
265.585   37.1573   52.5052
29.9532    43.352   355.681
  42.41   44.4858    274.71
91.2334    22.343   225.159
282.106   25.9355   101.622
271.227   25.0173   130.825
 174.74   40.0026   176.732
265.986   25.9428   67.8301
314.614   11.3875   28.2098
238.371   44.9955   117.008
232.404   22.8225   151.429
54.5393   43.0447   348.535
345.606   38.6532   7.42021
200.059    22.805   175.689
238.945   37.0094   148.861
 347.13   46.4654   11.7404
74.7011   21.5879   323.232
 262.37   41.6128   53.7519
296.022   32.8449   105.314
222.199   38.6021   174.256
226.328   27.7167   160.971
76.5976   19.6223   324.937
  21.56   21.1858   2.99711
111.413   23.5817   219.332
14.4815   30.6016  0.971698
 240.11   23.2566    164.95
197.824   39.1784   199.872
  246.1   39.9846   71.2009
302.629   40.3182    18.674
284.505   21.1932   61.8169
131.638   46.5387   190.973
284.152   37.0134   43.2016
95.2326   4.63956   255.791
115.626   25.5364   210.354
224.033   33.7019   179.717
217.473   39.3439    166.05
234.362   33.9741   168.357
301.984    33.063     81.57
330.777   40.9452   354.633
79.1617   31.4997   319.063
21.5865   35.7011   329.943
83.0452   29.0514   246.657
 325.22     21.58  0.736119
226.304   15.9271   164.641
238.847    29.497   149.215
298.365   40.8152   20.7331
84.4852   27.9661   238.927
102.907   29.7444   224.311
303.015   36.2004   28.5174
281.837   27.9581   85.4937
91.1981   45.4482   284.351
245.432   8.44288   135.061
72.4208   26.1962   257.391
 330.15   36.8583   3.49067
46.9731   13.0854    326.13
233.919   23.6725   149.576
291.611   32.9804   36.5163
343.646   4.81646   1.00867
 83.006   20.5012   313.633
162.842   15.6222   186.936
317.276   22.3508   5.82711
286.927    19.225   38.3555
250.039   29.4272   138.715
244.693   33.2491    137.31
43.7405   26.4409   352.529
224.719   40.9522   168.763
27.0554   43.9596   337.597
51.4005   26.7538   313.411
105.971   18.3285   271.555
14.2188    41.387   347.249
83.0803   20.5245   295.365
 32.875   21.3202    330.74
318.636    21.591   59.0142
191.607   36.7305   174.591
228.526    20.659   165.813
78.8559   31.3483   321.493
333.255   34.3855   4.53812
15.5237   34.0101   352.249
187.259   41.0387   160.686
134.268   22.7229   187.507
41.2918   39.6811   356.911
13.5994   10.5068   344.031
63.1095   14.2765   317.709
218.669     24.67    170.38
241.272   36.1447   79.9839
121.788   29.8544   282.142
296.464   31.9423   21.9551
38.9016   30.1125    331.98
 237.97   47.9035   102.269
251.266   41.0842   113.238
 170.44   42.9047    176.86
248.683   13.1181   65.6918
234.976   31.4879   142.118
109.072   20.6395   237.759
38.3131   36.8485    353.99
 266.99   25.4637   131.598
103.974   24.8472   216.562
282.969   6.52061   85.9135
37.7363   32.4171   335.983
150.269   27.9821   208.269
274.562   39.0384   54.0462
87.5536   34.7725   306.431
31.0585   44.0258   353.833
218.729    43.792   163.483
273.356   26.0448   47.7389
101.565   23.7055   225.979
240.598   28.2912   156.795
199.901   23.7829   167.385
355.192   25.5903   351.554
341.763   22.4935   15.0847
317.805   39.7965   10.6516
269.567   31.1541   132.818
141.558   31.9786   207.521
178.848   17.1664   166.288
322.891   33.1294   34.2424
250.189   24.4961   149.542
347.467   18.3137   14.3014
356.795   35.6651   327.512
256.044    9.9673   136.185
254.209    23.722    148.86
55.2433   44.8617   330.602
38.1975   36.2994   350.176
279.935   26.4121   76.6189
306.123   34.1365   41.3606
229.564    24.135   120.106
299.085   35.9937   75.5376
52.1716   36.3057   338.454
202.727   19.4458   183.938
273.187   25.9118   121.251
65.4446    46.288     279.3
195.961   23.1651   192.987
185.788   41.8921   193.197
 123.09   29.0042   204.399
167.507   33.7519   180.108
166.559    29.288   186.933
291.445   15.9811   24.8267
240.898   17.5936   153.791
33.7105   32.3612   341.896
83.8127   23.8894    289.36
250.418   47.1602   134.247
353.062    43.026   3.11576
91.9206    26.695   230.438
314.808   40.0002   17.0763
89.5347   43.2344   278.867
110.102   41.5409   225.517
90.6525   13.4507   228.043
185.104   29.1933   192.837
214.368    42.094   110.969
57.9852   36.3475     346.3
152.993   30.9436   195.702
56.2604   44.7896   342.578
  140.3   24.9343   214.202
42.9364   15.6581  0.436623
260.475    14.302   142.019
250.074   38.7718   153.326
64.6667   12.8019   291.203
192.763   29.3908   161.264
96.5369   37.1152   305.907
174.519    25.373   173.893
 152.51   40.7931   180.954
250.914   27.5957   138.332
279.419   36.8036   51.5547
63.1552   47.7021   308.076
58.9839   20.0097   290.401
281.545    9.2435   41.5103
280.977   13.7904   54.6127
160.158   37.0803   172.353
269.629   27.2005   131.359
223.052   39.7767   166.103
239.178   21.0031    159.33
343.566   32.7636   357.645
233.901   23.4914   146.607
 188.46   41.6081   171.656
301.438   35.9707    13.543
 114.82   28.8093   199.322
 318.18   36.9404   4.22827
326.958   16.6115   19.3153
359.485   39.4624   21.1511
210.089   43.5372   191.585
224.557   28.1872   164.833
266.396   29.6528   135.083
61.2299   24.9078   301.991
185.639   25.2759   167.373
89.7431   7.41644   226.285
275.481   25.9804     49.86
294.083   32.3796   102.943
50.5593   21.5275   320.759
74.4309   37.3241   321.786
 43.262   32.8077   276.083
103.726   31.4764   229.346
232.466   39.7873    167.86
114.221   48.3453   248.633
242.149    9.5735   158.983
100.424    22.686   227.773
220.866   30.6685    157.14
95.8035   43.4535    307.62
291.685   13.8017   54.8532
71.5968   33.6972   324.805
334.343    45.924   21.4503
  114.6   19.4021   280.107
85.9918   29.7711   298.609
275.177   12.7217   62.9849
270.063   22.4464   127.879
135.629   37.1357   200.707
142.722   40.3029   213.648
203.519   46.2086   167.659
 295.36     23.01   105.063
302.015   40.7083    99.328
115.197   33.3521   232.356
225.518   46.1427   152.536
266.833   31.2248   123.847
241.845   33.0252    137.06
113.129    38.602   220.297
269.897   14.3646   108.446
93.1733   41.3134   302.938
358.178   4.03606   10.6668
55.7535   12.3455    316.53
37.8034   21.6798   349.582
226.836   40.9854   169.075
223.392   41.3918   171.024
294.358    10.537   24.1937
296.104   27.1722   36.9189
235.499   31.2633   159.188
73.9675    35.736   319.414
119.186   24.8957   200.928
96.2252     25.96   304.109
251.567   26.6071   149.347
212.713   10.8577   148.866
47.5236   53.7262    300.84
 84.053    41.499    295.55
315.797   26.1549   15.5114
260.313   35.7189    72.684
103.987   25.3227   279.855
263.885   5.39092   109.073
200.042   40.2647   190.195
276.782   23.7151    108.76
129.349   31.0793   210.494
67.6718   27.7651   335.707
267.955   28.0815   131.212
190.028   31.1849   176.245
325.371   31.5461   355.077
165.243   44.8784   170.129
102.568    31.329   218.622
184.327   43.8383   178.238
322.278   17.1891   30.1128
 4.0235   41.2699   14.7768
237.844   33.8144   152.149
7.41812   32.5119   357.165
294.602   48.9773    56.667
316.245   42.4878    87.145
136.056   33.5307   203.711
281.449    18.219    120.88
243.564   22.1539   151.696
284.579   26.4572   57.2148
29.9171   38.6184    2.9244
161.181   34.7515   177.401
49.5855   39.2503   344.824
155.122   42.1038    179.16
236.857   37.7205   153.608
133.483   54.2061   231.326
289.979   44.8634   42.7062
 70.107   25.4724   331.686
 342.62   47.1785   58.4518
18.0816   25.7747   297.601
219.535    12.889   163.312
280.008   33.7338   73.3033
24.3015   37.4851   357.792
  215.8   33.3142   151.943
80.0626   24.4818   279.195
163.159   22.3704   171.573
110.704   29.1922   206.066
295.846    38.713   28.9964
 123.27   46.9494   258.197
249.486   30.6491    134.51
313.514   37.9977     14.03
104.088    39.991   225.649
 78.255    31.913    238.36
351.148   31.7243   357.634
238.286   34.9897   156.126
69.3508   50.2302   317.125
51.8109   49.5389   341.911
59.0132    35.321   258.993
322.297   44.7389   20.4087
335.608   41.0031    2.1878
222.466     12.81   137.026
230.734   15.8397   88.7336
296.408    41.479   53.4581
 43.476   24.7145   356.894
341.827   38.7232   3.03571
243.386   38.4425       153
 191.89   40.5828   183.361
96.4604   21.4792   305.669
6.43884    43.785   23.3198
 91.901   19.1868   227.291
 186.89   15.5312   130.717
146.458   31.2345   173.884
218.708   43.6112   178.914
 185.83   20.0855   171.817
339.846   24.6614   15.3887
275.758   38.4691   41.0031
282.552   34.7987   103.097
257.846   23.4787   131.428
225.402   40.9704   169.785
157.413   24.1872   166.856
353.193   36.2865   351.973
121.889   42.9413   206.577
220.557   54.5256   112.149
 140.18   5.81321   179.391
