     phi1       Phi      phi2
149.429811	89.313833	130.799611
-178.015672	28.637918	88.348250
-89.893935	93.317880	33.226207
-156.474897	139.390812	0.233526
95.556230	157.060264	105.043876
172.273446	85.380196	-59.101685
-84.721214	143.859765	-96.139781
3.244263	88.391653	20.070712
-165.779907	148.665376	-82.608761
157.199658	130.947284	-90.113254
174.275983	86.619095	-41.983183
-108.363050	58.098321	-172.508074
-72.929347	97.374737	122.049534
57.640539	130.988317	1.865359
154.394791	40.555517	0.352037
-171.475840	113.598409	92.941479
151.781238	115.660697	1.578021
-45.349397	55.298431	-95.516051
43.287457	129.134143	94.678152
83.187076	93.612357	62.351973
42.852838	92.396567	-65.711394
8.107178	96.503115	-65.518858
-32.672858	69.221097	-0.555656
-41.726463	118.112917	-178.512265
123.921875	92.334758	32.701350
153.836079	85.998143	133.548623
69.058037	92.563631	-150.761258
-117.905185	25.046349	-13.066556
-128.086043	29.355366	-171.968115
-2.929023	24.661081	-75.640661
90.374638	160.212952	52.032895
-171.312314	91.946258	139.526355
149.381616	156.939160	68.928008
-160.438369	49.790812	86.860500
-159.592538	79.156940	28.593447
11.081295	139.363655	-88.798108
-121.697412	28.582188	-84.368423
-41.251285	68.730226	175.944782
132.141685	97.008279	-113.168630
141.708091	38.853314	-2.799354
-30.037333	130.793662	-89.051300
90.610955	154.939464	1.398188
-46.508283	21.601862	43.268287
23.741487	142.199693	-84.942664
109.036328	145.812592	-9.018197
125.589644	23.415912	-74.420916
-174.277164	140.840894	176.143418
-46.475443	101.138544	62.862886
93.344664	95.857706	-65.695134
147.629353	46.561109	-90.738217
-138.869791	153.991277	113.820354
-40.495987	64.975772	0.105530
-65.374769	84.135416	-109.786907
-73.772709	140.204770	-5.284739
-170.409313	84.511402	-29.919327
68.823696	125.062955	-17.971498
89.989159	94.664917	60.463658
-159.491018	135.944268	-86.646578
-73.263279	38.207422	95.916325
-165.064209	41.764648	174.621485
97.785788	93.663513	119.162514
154.209601	26.098398	-174.657191
-132.242457	85.869340	-129.760972
63.258728	118.015904	-176.399585
137.795619	31.774403	-97.649845
-102.254675	144.054065	95.213365
-83.655468	120.025250	-84.445730
-19.102867	40.568440	-0.619129
-163.605906	94.640808	146.703240
-69.224402	130.606571	-1.481685
148.925977	140.926658	-93.013924
-80.738208	93.580157	-28.524899
-31.160538	149.790947	-174.229118
97.905522	89.035912	129.666893
172.381211	40.426176	177.196276
108.238648	88.929600	-48.813375
136.228400	29.242711	171.848041
9.398215	92.272018	-144.166821
-95.614186	131.445751	161.890348
-28.700384	90.731002	-49.549663
-21.259353	86.958460	-128.519842
-118.326361	127.090787	93.703955
151.833436	64.867073	-82.416494
-138.489076	152.024324	-171.020467
-130.296158	88.887013	-65.701699
161.102068	23.486688	7.007090
-171.323583	86.655762	125.610808
119.279273	90.578021	-49.310131
-47.178738	24.529142	-170.523503
-174.544847	27.296993	-82.442889
-130.955550	95.356564	-29.927718
87.792243	123.285908	3.285652
81.250534	128.901724	-87.335150
110.049331	114.510664	92.331998
-155.985154	89.715140	-43.099388
7.498554	62.875390	-83.575435
-0.457404	160.588119	120.240834
-56.033329	39.613290	4.719826
74.309349	44.276800	-89.907878
-79.298354	112.668615	1.798478
15.865254	93.756319	55.832632
-9.506264	35.460415	174.421855
29.427505	49.153776	1.004042
-98.179278	139.660604	94.996528
67.212472	49.456266	89.797747
155.021528	132.118822	92.925344
-28.713466	112.925966	-93.770363
55.117326	142.922424	95.974426
54.352710	47.937401	-109.222104
111.779576	154.191102	9.193244
152.982213	89.599210	-112.896835
21.140282	88.859351	-46.517043
-112.806481	139.420145	179.819621
-81.149156	150.198202	-172.497365
-65.190199	111.982260	88.186987
51.209623	147.673740	-170.735774
121.453298	37.207025	-94.900301
176.525054	49.533078	94.025355
27.162191	58.060352	169.189890
-165.084892	123.367304	93.613194
84.278535	155.024960	-85.206482
55.358652	49.376917	89.860039
-61.778403	85.272972	-117.235424
-57.689707	53.906971	93.095124
-18.285078	112.941879	-136.479244
168.282808	96.113264	57.954459
-76.677400	85.160564	145.019082
148.789450	52.306556	86.200911
-10.004605	93.244154	123.800569
-47.253341	145.666227	-94.430023
151.484789	49.339836	89.811890
43.921072	59.185961	-87.821445
-152.464714	49.628532	-91.081588
-17.871369	129.920766	-86.435130
-43.835672	147.190603	-156.011955
-34.224070	85.456228	-118.243686
151.648483	139.844352	-177.010589
44.889704	27.816427	170.696924
100.056485	140.685644	93.155818
95.028945	119.770439	6.458368
-4.413686	97.101428	-28.719198
-142.408893	137.534514	-4.283154
178.754332	90.385796	-23.893251
1.001409	95.531097	36.729598
-25.207245	115.664642	5.851223
111.910123	30.982563	-83.105483
-54.320194	42.157411	87.878158
10.314700	88.082611	-49.627570
-42.986485	34.456763	-172.719570
-58.751698	39.931824	92.854897
-9.103796	91.862050	-54.598660
45.408554	107.634791	171.176523
-158.000727	90.010932	-130.644633
108.000359	93.042917	26.403834
-132.514781	87.936928	33.413971
115.209200	90.876202	-139.187194
106.840227	148.340922	-81.773522
-57.451778	92.659972	-30.598990
-170.529367	116.308347	98.755753
-149.570160	153.417226	-1.268039
-155.555661	95.763003	-59.797437
70.036832	33.812659	83.795650
-177.558045	122.527315	-4.122240
38.194911	86.913775	-140.516224
136.672502	26.987566	-1.142705
-83.948983	119.463615	-173.138566
-142.456653	87.224962	-147.258427
-131.519274	25.244621	-3.445199
31.800211	49.833059	87.542135
-36.558228	117.285100	97.898771
135.594765	49.712228	-1.359108
-116.543398	26.727994	-171.992940
-81.428284	145.316436	-96.177611
-24.638127	93.155142	53.140442
22.766221	89.890593	-40.682223
-130.125134	92.725157	-143.689600
-58.680010	40.302114	176.560187
19.758265	48.224480	-83.798365
145.212734	94.744746	117.943314
-25.167414	93.114660	124.657871
89.598826	50.983296	0.425782
144.786253	36.035465	95.311750
133.482128	150.590548	81.718933
-128.332191	124.520960	5.685750
15.171875	26.003351	-85.304157
-4.037977	112.112557	-178.576525
125.834417	58.590751	173.166478
-98.386628	114.335145	145.335099
47.122393	89.325939	-36.365133
-21.855665	29.712564	-98.314297
128.883987	120.628569	-173.825623
138.171662	34.241720	-3.916035
-4.823766	91.444047	-114.770872
-148.575567	49.626437	-2.308548
134.860013	87.627956	129.512585
-85.125952	146.944710	81.425153
-41.160698	47.626235	0.997092
-14.092405	87.565210	141.893584
168.449271	62.775843	179.021988
-63.342454	65.160531	-94.806327
-88.809085	36.336149	-7.497488
-137.776178	145.691755	100.735232
-43.824582	154.808169	-85.778972
-70.867235	40.512691	90.678146
-179.847205	90.401646	130.540195
-64.168778	50.065996	-88.333658
99.817235	38.699317	3.912944
176.355439	91.319625	-153.802621
170.440723	24.444339	-95.912794
-95.267445	24.860801	168.762789
-42.248819	61.370426	-84.953530
46.790359	40.051676	-92.171524
135.082030	88.773133	38.837404
-118.519700	130.609668	-89.450904
-40.355223	19.225096	87.093846
59.117198	92.189376	-47.739694
-113.844512	127.588637	176.122210
-124.767794	61.094047	87.154235
-29.633446	140.709324	3.544023
173.638029	86.241566	27.677124
-13.747611	156.491116	-82.889385
-100.858727	107.937143	-81.817011
131.527712	33.354716	80.397676
-128.728301	25.787684	84.206117
-89.914894	89.988888	-38.471638
-74.713904	159.401259	-48.592629
-20.751488	154.139399	106.740431
-125.645118	85.966174	34.612726
-45.604527	87.169690	-140.506856
60.916337	134.750757	179.854323
57.940110	86.251905	149.812129
-174.321815	117.050271	-95.015929
142.578259	143.354707	3.469364
-106.251043	85.508554	55.804480
92.544977	119.245223	-84.607514
-31.930373	132.313113	-92.981801
119.667653	130.305995	91.275537
-68.498612	140.032211	-86.233151
-164.287325	119.863112	-171.488581
-145.061327	140.926253	-85.077710
30.551473	47.643260	-87.029379
22.848501	89.839628	49.419967
-47.671215	55.590542	-175.363055
-9.900970	88.350546	40.677633
-87.683311	87.301647	-114.020206
130.018251	86.514166	53.278214
18.646016	88.739860	-40.116040
19.500069	90.245630	-130.589140
-72.182030	95.570302	-145.052652
-96.063708	40.511632	87.144965
52.809848	116.019586	93.669218
-79.364522	150.654626	19.093289
-31.802040	85.235541	132.298102
2.718965	84.944814	-54.592920
-13.153450	126.626645	-87.258791
-152.818294	140.203311	92.477996
31.044428	93.890747	-139.932333
-70.694493	48.482140	88.893717
-45.814344	86.520849	-50.855027
-12.957641	91.180491	-49.476225
85.570605	124.220266	-174.915157
3.915686	90.551672	45.097587
-142.449621	95.466541	-63.152355
161.528589	146.937287	-10.740270
105.778232	87.953682	-40.837705
169.447922	40.512710	177.511669
114.877341	88.960220	-139.611369
-155.428316	84.848673	-27.059896
-62.298841	91.557916	-115.578228
4.436843	69.302913	-88.071088
-153.061324	129.879917	-87.285640
128.859166	149.317363	103.645787
-176.393294	40.503787	1.732410
-40.635662	26.819867	-102.548017
56.963430	55.458630	-93.878665
175.685716	143.955284	82.296607
-3.989835	33.540188	97.657816
-32.394291	25.277447	-17.329711
-31.382284	122.476079	77.493823
30.938745	87.891046	-63.117506
153.930792	130.292787	88.494044
-150.263011	147.052135	-171.048439
69.359703	149.251242	80.201647
-34.561808	67.124104	92.493086
98.655987	57.808105	95.131946
-23.422925	139.593850	95.279872
167.764138	149.669708	100.762524
90.219112	89.780500	-155.844715
112.810968	90.070587	139.421537
-147.238824	26.387603	94.067226
-153.535856	77.916728	-11.730913
-48.678126	152.938060	-82.750196
29.622761	48.955295	88.400864
-72.490915	114.159507	2.418540
157.104383	64.698576	88.410565
-178.228593	40.584500	177.619703
131.893865	125.111813	83.077951
136.167430	55.309817	87.918937
-131.450914	39.264927	175.465862
67.552268	149.589196	10.115674
167.221990	39.575637	-87.969508
173.568838	151.225579	-9.031373
132.228816	113.037982	-177.802586
-73.317519	40.526995	0.224367
-52.089902	86.746462	-63.880217
-16.955852	40.856680	-87.463130
-149.414702	139.193252	0.818165
-165.744543	34.672092	-96.882490
65.292630	90.715824	129.169916
36.199018	86.575557	-59.500717
-46.070569	89.845919	-63.125873
55.646542	93.697837	-118.925452
-145.767274	143.320041	-94.703121
9.538758	142.229402	6.217484
86.940347	96.430164	113.781590
-19.170458	139.367217	0.185355
38.870719	62.307684	90.226375
103.163144	147.050427	-83.668422
-15.725863	91.912199	139.179172
166.244019	95.057787	123.966449
-99.020063	91.328320	60.788267
18.733115	39.625008	-93.262693
70.357150	155.304810	-1.040796
96.546155	156.246471	103.933118
-4.592717	44.135422	93.878970
-152.599445	146.055993	-36.965587
1.172081	60.477847	-83.674458
52.516662	65.502128	-176.047950
22.040926	85.035020	-122.362491
21.295285	108.403854	-10.178561
-162.875416	84.225595	-61.274658
135.203481	88.865098	40.057807
-160.321562	84.567726	-152.675340
107.704286	29.127673	76.302210
175.029122	126.865789	176.238067
72.680475	63.789954	-88.207884
-122.362003	164.693302	122.821121
89.436995	142.244254	179.566831
-144.994113	86.725975	-125.396590
30.069331	84.540272	-159.837952
104.224902	84.588571	126.795510
79.604964	56.597093	4.273837
176.705497	85.534234	-145.694613
80.530497	54.505484	175.871456
157.068697	90.938789	130.287342
-113.551722	152.464763	-9.775320
-112.928817	49.327236	-0.061830
68.211656	50.150981	-177.579147
-42.322920	55.230875	-4.349643
27.448013	52.382341	-10.033326
44.785665	90.040047	-128.527746
-68.371208	141.569189	95.124327
164.757023	93.910541	-36.455316
-96.890224	90.453189	-129.805603
154.512906	122.269951	4.662172
-99.200245	86.415879	-149.579767
-32.301617	61.933925	-83.784574
-167.600562	71.761851	-164.290915
-29.925047	64.430091	172.816531
154.507184	93.052632	127.743937
-175.124955	98.693623	-118.631629
66.004561	87.087214	36.171616
72.208231	58.857289	81.947119
-93.617433	149.115317	173.133051
-16.608176	31.898930	-173.258714
-124.104915	97.999756	-164.414233
145.940254	36.468396	-95.809759
-161.804476	125.529347	-9.089581
115.946541	93.135104	-111.962094
5.789796	59.539369	6.590383
12.347621	139.416793	-90.704540
-106.710284	94.223086	-56.231511
-62.658548	24.816221	-93.245346
-13.076339	49.225938	-92.700279
122.473040	91.110110	-139.024921
-26.648626	139.811544	-176.899845
-56.992545	132.385794	89.369937
-141.794201	145.090174	-82.572975
-113.361109	41.388551	0.047734
179.944042	90.261704	-130.647923
-91.293080	89.217606	-155.426161
-81.285945	93.641155	142.675217
-132.534926	129.222432	-86.582921
116.632398	60.750629	-82.625626
19.157903	87.813712	63.445099
161.031898	93.699609	32.212041
164.555287	130.266089	-92.748698
-78.785900	24.937900	-92.254138
-142.468299	120.916479	-5.254978
118.702674	64.553762	-91.736184
-79.549325	87.592404	-139.645982
36.454040	18.131492	149.036280
-146.926199	85.630270	-151.873331
-19.395970	155.114588	174.545101
-98.319172	146.134481	176.110216
8.938121	31.849401	99.151875
92.965693	65.981973	179.585172
-44.760455	50.804853	179.595282
72.681953	89.774520	139.444631
-64.243056	128.796750	-87.528939
-111.434548	116.073672	1.542409
86.369377	59.915679	-9.838968
173.111605	147.772709	8.212474
-88.119215	25.954476	-165.599141
96.763353	92.272856	29.325797
-109.184822	30.050372	-8.394465
91.798742	119.652213	-176.556751
115.797772	96.956765	-26.238217
-74.603975	130.915086	87.630363
-44.704758	89.930458	54.092043
24.524338	130.535614	-1.076155
30.190478	153.827622	84.577836
153.387042	56.601224	94.631610
-126.398432	139.891026	-83.901137
-23.307881	130.645265	90.245243
154.194706	24.197850	-89.122242
-168.087291	62.148866	-2.078963
-161.469834	148.769944	-123.236245
111.262651	86.213073	36.531699
6.164764	143.123178	98.023789
-124.751002	113.537581	90.978422
8.638455	92.190350	-130.425418
-57.136018	115.869066	176.126293
-92.498465	130.560221	-89.201091
-16.748758	101.687927	-21.272979
-118.270020	96.924490	30.743086
16.258393	111.772451	-92.584677
-1.759497	91.491093	25.409796
16.626088	147.085510	-7.056685
-68.413280	53.157250	176.282925
161.861974	94.538124	111.847877
61.138868	49.222065	179.481037
109.386244	127.884789	2.438519
139.358530	58.962476	96.960252
-94.346476	88.936908	24.089566
137.484257	36.116852	6.854344
134.116661	49.831009	91.478244
-157.085575	59.397449	-10.689072
-62.187118	55.047210	-95.059615
167.970524	85.561941	123.217283
-156.010321	87.070851	36.440378
-44.990978	89.880823	128.138789
48.469405	134.886287	0.006742
104.833903	77.754839	-113.514872
-69.549680	90.657962	-40.427530
-131.361625	90.675447	-40.233400
41.988715	84.887271	120.791142
-112.352804	49.472634	-0.166184
140.626881	115.784604	87.767187
-44.120194	91.176225	49.954163
-83.508085	139.479683	86.604219
139.827130	133.891962	-179.586716
96.677381	50.055168	-179.982991
-135.319287	87.507870	39.383939
-15.519617	130.364026	177.616190
-33.683060	117.507267	-176.421736
-114.527168	90.681119	154.267506
155.146643	26.443066	-176.510900
-137.963864	90.670500	-154.014692
161.922030	42.707066	88.778199
-142.711023	139.841970	-177.530495
49.381722	151.080355	175.318219
143.933453	65.631118	-1.440471
81.185234	88.368432	29.130679
-147.263127	29.071914	80.296180
-88.837603	69.951783	-88.373007
-2.773409	139.305810	177.505011
-75.787176	87.758645	-155.645905
-71.384292	139.110530	-87.532725
-30.722252	38.919503	2.217341
-88.283406	23.303710	-89.268679
-14.739443	151.641408	82.261896
157.311354	114.537201	173.460813
-97.458529	85.994955	-120.824055
-135.104240	87.582557	-129.425643
31.207486	72.247458	49.177258
-36.842867	87.495949	113.533795
120.433417	153.720326	88.827966
-77.139885	132.346061	95.418923
-9.808098	93.001194	155.500821
154.748757	93.729048	123.950675
10.472767	94.242854	-58.579972
-22.761816	89.725467	-139.408714
123.474854	95.030623	-139.356897
112.588200	40.645904	90.090816
62.060683	141.088803	86.030308
17.626386	62.948887	87.614173
-12.907274	52.336075	-79.560376
-21.531414	139.463016	179.927448
-64.287787	40.557417	-90.331668
160.946447	126.803775	-176.265229
170.355681	40.839372	-86.195684
112.210248	53.189457	-86.086595
77.389541	144.550939	-83.953994
114.886316	92.837310	-120.335678
5.941125	157.787616	-87.377783
147.954854	63.213586	-83.593303
-45.797938	139.599089	-90.902490
42.207210	129.015627	-3.834915
-112.663784	89.911117	-130.632420
-15.304664	88.331016	-38.606015
-144.374794	36.768032	-97.215983
134.383435	128.563066	89.441123
149.478710	27.005002	-97.689980
90.435401	89.118248	-135.822252
90.035082	130.536473	87.534095
-26.551425	85.670307	-29.161688
-77.104322	33.170901	-172.479700
-179.210002	130.603339	1.549684
10.201490	86.123942	69.592066
61.022089	49.598816	91.161423
172.318556	123.139587	-93.668339
41.539841	140.774043	-4.558400
127.402112	85.505096	29.213425
179.841016	50.149536	94.222255
12.611885	87.041310	53.562267
37.585057	87.077840	145.540863
73.799773	52.362412	-3.321413
91.314275	130.768566	177.216823
119.191443	157.491963	-11.244892
-155.698381	90.247855	40.649472
-13.354561	121.214549	-95.443635
-48.091706	39.468646	-86.018872
89.228618	130.636452	88.931639
-130.480602	39.059586	-5.820515
131.713203	124.973493	-88.550903
-167.756153	125.072886	-96.416185
44.660385	92.701283	-140.754055
-20.576133	152.656031	94.621313
61.792102	84.238327	114.241290
-37.955992	109.720808	-85.793086
-111.887147	54.809083	-94.355334
-68.496110	143.943898	173.178249
-12.040013	64.109361	177.653153
77.621858	94.690139	36.216197
-119.012601	65.457906	6.576641
171.274440	91.369916	-130.767812
-68.968388	89.272469	40.520798
121.815808	28.935314	-143.333767
-171.094445	136.610263	99.215423
158.222487	143.274442	167.327041
103.220384	134.040162	88.809602
86.980780	64.215847	82.165976
176.459810	49.461314	-178.739681
116.567619	143.864071	82.866064
-145.124846	41.393086	177.420877
134.583391	153.361444	174.110445
143.193362	136.638879	-176.003586
154.639435	148.579362	164.048472
-134.967788	129.650957	-89.950341
19.270155	89.994215	-139.399165
45.296312	87.243187	-50.779473
123.045927	50.015539	-92.694026
37.943008	120.107956	84.623690
-101.088887	139.123408	-94.320716
-145.199587	104.575333	-168.334958
171.503209	93.359885	59.922187
-72.683812	139.234779	92.295143
29.440058	90.944335	-26.221473
-112.660923	103.226083	-166.833160
19.707488	155.983555	-8.871683
92.880979	115.248699	0.636555
-149.005792	88.940614	-131.747084
-169.204884	87.654298	-139.592226
50.704635	87.800210	139.453105
134.835410	88.145348	-24.974928
59.029876	154.053348	86.575965
44.488777	92.501204	118.090392
-177.520266	49.394575	179.591182
-159.904932	111.878708	97.237384
-159.498264	126.998009	-3.182357
45.152510	22.955203	89.263464
-11.563624	114.950358	171.950806
-163.042969	114.831559	2.361543
92.485945	91.173882	40.693089
86.925559	92.194621	-153.183632
-58.357137	33.302441	-8.952701
-20.183966	56.539842	-175.457652
51.347967	124.391102	5.146451
134.793653	89.915446	49.760854
157.959455	152.416016	-99.393867
11.895202	40.485203	-87.423082
-125.673127	91.946780	39.889313
-152.378287	51.483770	-87.885861
-1.368821	155.611387	-106.039232
115.741311	85.981608	-125.284562
-23.521509	90.031044	-40.600798
-83.133008	40.452781	-86.883376
-9.149067	80.020577	-142.664344
48.247534	87.938342	-39.704123
-109.854248	89.429196	64.812181
-95.619933	121.468574	177.767963
-22.687288	49.385892	179.668256
-162.168192	130.453311	-89.093322
144.840810	118.205513	91.262834
30.841344	94.636104	147.386075
-62.108266	26.846031	-175.496483
78.838941	90.416625	-139.413074
-145.504690	95.088750	119.315462
-141.335772	85.726760	-26.630299
-71.336977	143.617900	172.702464
-163.975891	86.217471	-41.322751
52.232121	144.472425	-84.928727
-108.561298	139.415175	-89.825739
35.217876	94.044205	-29.766260
51.272054	121.109899	-95.454600
-140.957106	95.398839	-59.682432
-29.552658	51.636072	93.921521
134.192523	49.781371	88.709474
10.778709	67.413557	-6.943581
16.482141	31.242374	-82.521427
113.633381	152.739961	79.425976
-150.542512	143.457153	83.738541
-139.160297	150.865744	-79.993248
125.669438	113.727863	86.931561
-94.977830	127.126657	-86.694991
50.300535	33.548539	-96.828371
161.166015	87.441322	-43.421496
-5.714863	29.593863	-7.895712
2.668762	48.148761	4.594509
32.535764	31.937720	82.293609
-94.615338	89.559745	24.768376
129.632069	140.334623	-89.625797
-166.342457	38.575745	-87.380193
122.858204	42.817168	87.002851
-177.542659	27.422836	-178.722196
-161.006863	90.614137	-24.242594
-24.711914	144.593383	-97.842814
-177.820647	126.137066	-98.033616
-174.193410	38.101428	176.874688
-90.001430	88.641205	-40.604950
-98.028068	88.027801	-130.397645
173.983385	91.100053	-24.994383
0.031609	49.442499	89.775349
43.207845	86.216337	145.263150
-88.648279	27.900655	-94.911799
-67.269304	94.436185	120.767360
55.706846	118.366749	85.324880
-24.936867	88.894212	-49.483332
90.283569	35.436211	98.960575
-9.343148	87.989195	-40.493263
-162.186053	56.200834	7.448557
-42.919185	129.284406	-176.613625
152.051851	33.390999	152.866339
-135.093230	50.007542	-6.320175
-76.380175	133.342965	90.333213
42.999348	92.592733	137.753287
37.615638	152.064328	170.731099
-131.451560	140.701843	4.540797
-177.318248	90.776918	-46.452402
154.487234	124.219182	82.877897
-3.954701	28.635511	13.564665
172.648777	31.088160	-77.303967
-169.940163	69.818433	-101.688253
155.791381	148.392883	172.157804
135.517572	141.394514	90.423046
-4.780082	91.535151	49.328710
161.551201	94.399970	-124.658020
146.034496	54.958528	85.798061
87.136477	46.922321	-89.875924
-9.617215	97.557236	-155.778572
117.713443	141.833407	175.062476
-119.509489	85.258180	29.398964
91.561633	93.165626	53.528644
-159.063986	90.243800	49.461080
55.458040	112.363609	84.700493
113.086624	94.455652	-119.612437
-99.741034	59.034822	-173.641016
-81.339189	118.390493	85.207643
-115.696362	52.398887	175.975390
70.945558	63.243120	-169.980945
160.458340	64.675555	2.705273
-163.709683	40.349219	-88.522161
45.802382	149.334035	-173.928947
-157.056552	90.140854	130.665542
-145.874080	156.582192	-173.877772
-95.798047	141.725422	-85.379609
-10.490227	88.450075	117.692558
-121.202842	126.112259	3.146506
117.067098	128.167311	-175.475358
-66.363811	139.292753	0.319472
169.316999	74.297053	75.210130
169.178184	94.861251	-117.951919
-92.099218	65.862136	-173.547454
96.030776	119.400346	-94.460874
-110.337019	40.855780	-87.729496
-81.191189	141.269199	115.826253
61.658522	52.850582	149.899361
-125.690936	94.053476	126.182576
54.356062	61.983954	94.809941
-99.714112	139.410662	90.411902
14.497796	84.173916	-118.241235
59.963434	115.508395	-59.847458
-19.629518	127.516203	87.311902
90.551742	40.647094	179.336604
-92.590498	61.504887	-83.599843
-49.704236	39.706379	-86.631711
134.948810	87.541786	-39.444697
-6.038714	60.330792	88.792095
70.830410	153.988095	-87.718443
-125.161186	68.806294	-17.287806
163.354703	155.465718	72.222736
-74.184751	49.597017	-2.050943
-170.949457	88.251304	129.858648
-44.794571	89.366702	140.674271
101.300060	53.032270	3.813858
71.224044	89.772990	114.618126
-123.903622	151.887989	-81.426879
-44.133796	154.400272	-86.269562
103.536733	32.977900	78.609703
-0.937777	40.578096	91.257452
68.115388	48.837721	90.194216
27.739281	41.110385	-0.398361
6.303530	146.959490	-7.796639
24.395434	151.088441	-4.997932
-70.006965	29.686857	-97.913457
61.639941	109.053427	102.206302
-135.198860	130.328268	-0.008562
-97.388566	89.932672	129.993830
-69.501340	93.577507	26.475389
-5.204829	65.801153	178.003433
-164.007062	49.153210	91.892311
140.223121	64.189266	-175.895799
-102.581614	94.468309	146.898009
-114.390465	82.776869	-124.652998
51.120207	92.633112	147.972029
-157.135689	130.578193	-179.920042
112.667036	21.552856	68.635139
-84.630928	35.343669	-9.348805
28.422640	90.337363	130.602695
-40.559617	31.103478	173.127654
-64.125130	92.575302	129.802532
-169.965892	94.446407	-147.802297
86.865567	34.587789	8.808838
41.466434	123.425411	95.811747
-65.018286	93.663510	55.770424
174.784004	60.014190	6.414143
179.900736	89.272767	-25.818013
99.929297	153.006237	4.517209
-76.761638	118.462856	-8.057374
65.697298	48.730194	0.199729
72.140138	83.773724	-155.044509
168.439244	49.331693	89.285542
-83.549403	61.978926	3.120142
89.033936	145.297286	-98.122640
112.602358	49.387543	-90.237128
-57.996016	85.467313	119.105561
-9.565902	153.244807	9.521805
-49.053023	50.378184	175.778820
53.378792	31.085960	-80.389768
40.161157	32.623537	-85.495327
-45.794885	93.144019	-30.064847
-93.639961	42.239985	-95.496967
147.628448	69.036728	-89.467692
-172.147885	89.792613	30.107195
101.302352	93.414359	49.804076
88.865673	126.155448	-85.177554
123.378022	139.021042	1.857731
-106.243079	77.761585	-142.132386
-12.748747	59.386276	84.579408
-60.464591	121.321925	172.441864
2.312056	146.477913	74.804473
92.708800	155.816182	1.501861
143.586566	138.924197	-92.080246
134.663040	119.680608	-4.881467
91.132333	66.562628	89.922265
-114.210799	124.749684	174.792569
-117.827093	140.141049	4.229234
112.854623	158.387300	41.969039
-89.342590	22.078426	102.239632
-109.127239	36.035161	-5.570537
-60.721231	139.381010	0.592756
164.935161	88.740604	-141.028351
-167.866891	145.315446	-173.579249
-104.686387	126.722859	175.157473
65.526558	48.273326	89.513326
34.543831	148.662085	75.752262
-101.300246	88.723370	40.633586
22.941451	56.902498	-6.339613
119.407448	89.282610	49.233110
-99.474529	88.397179	-40.277441
176.490620	90.190887	-151.905380
81.314661	86.890349	-146.432621
-29.713580	83.550877	23.462587
-63.466192	54.784187	86.724629
-97.246124	40.009689	89.741248
-63.466636	139.648108	-0.893331
-171.253828	123.715576	92.079675
-2.324144	86.829334	-38.618643
163.814687	52.416175	-8.811810
-117.640950	48.658248	-90.594531
151.707632	45.459027	90.579087
-158.331724	88.724839	26.199090
-61.002713	88.241515	115.458341
-157.107330	139.415286	89.912894
-64.641048	139.337538	-179.288791
119.398586	88.701342	116.205846
20.345616	100.206902	41.951659
-82.282988	90.058634	111.988671
67.307379	49.335835	-0.084935
0.390879	155.927372	0.402254
-14.813922	92.882650	-150.305265
36.702122	93.922762	28.088719
-113.648283	130.634550	0.062669
-56.471355	48.948877	91.801229
47.240129	129.168281	3.591858
104.743432	50.180096	-178.650839
72.095054	76.281309	-74.325759
-144.449208	95.084982	146.069569
-134.358899	27.994001	-90.844151
22.936526	86.981415	-127.127300
151.504198	49.644883	-88.688170
-43.167195	29.108917	98.887579
-61.931409	27.345390	7.164601
116.097679	40.423730	0.735117
-117.510054	93.469102	-146.789446
-5.510157	85.768228	151.114664
3.319686	141.633615	-175.193288
94.813540	120.124743	85.662787
157.843560	89.910986	49.409503
72.066143	149.982231	-8.631507
-13.881044	34.434761	173.305719
-76.117319	103.748414	-161.650146
-169.916073	27.962907	171.554472
33.229082	96.072577	111.620405
-135.732387	40.474574	0.763685
150.741238	88.043815	63.046135
156.748304	129.344782	87.080606
100.241174	36.810540	95.725496
-100.823516	86.400199	-58.300018
-111.146216	22.987718	9.870036
21.774276	116.339588	-178.519572
175.122499	124.815466	-82.200717
-101.561200	28.403471	99.005030
-56.028477	138.935446	1.905283
-172.288307	25.391726	-175.312362
-1.400234	120.488649	85.494571
45.137571	89.618808	49.506403
59.449008	145.520008	-12.708226
-26.055686	86.443920	-63.965733
-177.256226	85.962745	-54.027531
-26.065108	128.705453	-175.771799
-67.546302	40.226790	-87.654751
7.718198	126.454747	-85.519174
-55.715032	39.969559	-177.155420
-83.639764	86.047756	62.309178
60.927320	49.695809	1.376400
-156.803817	58.819897	-6.363293
7.616565	114.442942	-5.202419
45.606661	26.240985	86.621762
11.436974	86.772674	-58.006214
-11.090130	52.773957	-5.159938
-65.923652	125.314402	-175.507139
-164.843587	104.433651	-72.421135
156.060328	74.299394	72.362100
45.155014	89.606517	-130.518222
89.795588	139.432129	-90.152160
115.958935	56.022507	-174.791367
120.002483	87.948104	39.692037
117.531126	87.278056	52.904796
88.421067	93.915566	61.465277
-157.423216	130.625848	-90.187351
96.976405	66.957595	-83.326883
131.080433	26.550247	-6.681973
109.650600	49.557188	-90.478143
96.834132	51.797093	175.992431
-108.503745	61.030269	94.357529
45.227436	93.522656	-124.241902
123.758670	118.933852	92.976729
-174.044542	128.946575	-90.026662
-119.144361	86.566779	-123.024694
104.468680	32.658943	-99.375567
-67.164655	90.120596	-139.465804
-133.274924	130.762289	-4.401947
-172.998787	139.465099	87.115143
137.085701	65.375728	177.263295
127.221554	28.481605	-78.227344
90.016935	92.619054	141.153343
147.742438	91.342325	-130.993235
-179.370889	97.258502	-112.278991
-165.037050	42.522529	92.225648
-154.594787	88.724417	49.960600
50.333950	30.030208	-80.317924
-78.588842	139.491663	-91.874362
11.449712	95.160573	-34.111743
-37.859108	60.225635	-86.094170
-14.537573	50.873361	-6.490006
88.182699	57.589532	4.172631
32.391779	122.245258	173.680048
155.694243	90.405769	-114.992710
-32.121386	56.469977	94.794083
128.368767	83.444711	31.889921
87.714961	118.670889	-0.049532
-48.179760	83.760768	34.472151
100.394844	139.250259	-86.318895
-3.691437	114.103684	-1.057422
136.944038	50.606924	86.734840
143.538223	92.823158	27.388466
152.763789	127.674262	81.436870
-50.859110	153.208670	80.039510
-44.026635	55.165459	-91.788159
-159.017698	96.564249	-29.428713
-15.045722	39.159383	-177.631207
-132.785173	129.259945	3.423501
-165.552621	49.766541	-94.137089
116.812443	61.973735	-94.544723
17.440190	94.986098	38.773952
-116.142064	157.248514	-3.617122
124.969653	105.460621	-27.646515
-134.066283	68.096056	-100.184142
35.874604	39.279631	-4.385003
60.561966	122.829985	174.766710
-67.354641	130.606562	-0.370413
125.590945	120.415102	86.578485
101.059317	95.798581	33.114114
-105.545524	26.399794	-171.148942
-50.943160	85.854979	119.922284
-62.754025	128.068206	93.136067
-52.725727	86.423874	41.861053
-26.805495	139.445750	90.062103
-86.530245	90.536546	-21.533226
78.596344	90.543205	40.572056
41.660210	85.485580	142.579883
-38.025221	149.625440	-99.346499
124.103153	82.613348	114.280699
-158.783156	32.273236	-172.757162
144.932143	123.224112	-44.676497
177.964363	55.022155	177.244885
-123.667847	150.336315	-100.880168
17.567681	75.528450	103.626399
-89.910089	88.824170	-130.664724
113.589358	57.609408	-95.070067
-136.520572	119.919218	-78.887569
-137.188241	29.253825	-171.821275
16.615150	90.361100	49.438645
-11.612136	117.093470	86.343428
-63.189692	56.632878	-5.119372
114.620792	86.281839	143.301396
132.230679	110.622942	-100.187422
157.047972	89.743343	-49.410128
-161.849277	94.789721	123.154654
179.418836	86.855378	56.079748
179.333869	95.631690	66.106515
35.910454	67.117094	179.868931
-163.538980	28.076051	-12.668113
-169.938697	121.107777	19.748233
113.210095	51.040126	2.536016
131.453550	89.742527	-113.918570
-7.454966	89.082099	-64.937469
2.680657	139.375893	92.149405
152.023705	146.942292	172.017888
-91.548840	130.564238	177.547526
-178.580167	26.545544	-172.360326
59.188859	100.056025	19.805980
71.829172	85.729546	24.566137
107.405743	40.896712	87.150762
43.925193	143.058241	88.812742
164.066619	93.839811	133.216355
89.090539	156.231119	179.400793
-113.299177	86.411940	-153.375566
118.512947	143.172273	95.104501
-70.756842	85.679850	-124.217335
135.192473	49.506245	89.889522
159.319593	85.595862	58.674497
63.001611	30.907095	-7.698603
164.566097	148.139686	-171.260712
0.093733	89.656182	-49.380069
-152.261790	94.084448	150.243269
58.810592	144.005293	-97.827547
-179.934897	117.584986	90.869472
-110.250311	40.552168	179.578112
-143.804766	117.996688	-176.927483
106.666493	83.873649	-122.736094
-12.120203	67.556608	89.593176
-105.223452	133.897379	89.822532
-40.566695	85.212737	-59.100469
61.661437	91.335676	-44.666711
-172.479304	144.135873	173.362650
4.391051	29.364468	170.057122
-112.746696	84.311566	-116.444709
-90.292617	89.992559	44.822653
116.356280	126.062848	175.944348
-63.763766	90.373000	49.481779
-140.158998	23.893385	138.085028
-24.632012	117.930937	4.899852
-8.936595	117.655967	14.158613
93.147201	84.763084	61.032383
-97.654783	55.261676	-93.811742
157.019500	90.139933	139.314489
132.489816	89.018755	64.067874
4.233796	111.357133	-84.780479
-12.707059	87.926584	-137.350499
20.847232	127.974977	-93.529011
-85.632763	154.456356	166.674128
42.141354	66.043256	-177.291632
-115.709794	89.794750	-65.241274
-26.833163	90.547070	40.379412
-44.512569	30.438030	11.451450
-88.893960	152.064140	87.136493
-130.478350	93.885583	51.456048
