     phi1       Phi      phi2
131.939569	100.682355	132.251191
156.084669	23.639974	99.587471
-105.544339	90.597407	27.935451
-168.031249	144.388127	18.676373
126.719434	164.650467	144.905761
152.212933	69.810412	-67.717314
-98.063246	142.109711	-113.317400
-5.355285	80.851461	9.159260
-152.582047	159.975765	-58.651140
151.324526	134.007389	-90.773483
170.365120	61.274789	-44.116148
-120.589597	60.131538	-148.099097
-71.342877	118.399011	124.701191
31.540924	132.246747	-15.166654
157.891633	41.972789	-12.987898
-178.680644	100.022416	91.628018
140.670693	105.743158	5.055089
-52.695323	58.572185	-111.968659
59.057005	125.786582	121.809631
63.480786	92.238817	60.258473
43.968362	94.885090	-80.741326
0.772115	107.511328	-65.441972
-36.279778	83.479080	-0.435730
-47.381079	102.473021	-179.558625
117.319182	92.594968	23.196305
137.602556	62.126827	133.452734
63.225294	95.783867	-150.159849
-102.156444	25.316460	-39.568381
-154.661017	21.405181	-158.122997
-43.473439	22.902899	-48.312198
81.714744	160.402935	55.022938
-170.365550	95.599279	138.887864
134.592202	151.529293	59.854758
-143.343304	53.808973	60.123754
-173.204928	61.500253	38.937502
-5.512208	140.531390	-73.731967
-129.469598	21.623158	-92.203559
-56.625833	83.546112	177.524104
123.322301	109.697220	-111.611708
125.453871	35.811700	-13.019284
-40.266465	131.781080	-99.268990
49.221678	164.244665	-29.384014
-46.630007	31.858582	37.991838
20.823209	145.256874	-63.133315
78.505843	139.362855	-33.451784
80.773072	23.027928	-44.399219
162.735531	146.215768	152.343525
-56.613945	120.392680	51.935947
89.782489	109.196747	-68.997798
161.256250	46.882087	-113.159294
-116.433663	136.755581	137.216580
-45.835173	80.041269	-1.116769
-73.167444	75.712221	-97.032808
-99.306762	136.501281	-32.040905
-176.512176	70.953558	-30.919619
54.564374	124.825085	-40.586963
77.706827	101.420458	63.487712
-149.013244	130.710320	-54.303623
-97.444621	41.276289	120.240453
-160.294095	49.559147	143.326646
101.443344	98.993467	104.984164
128.104345	19.708722	-164.732058
-149.180171	65.739942	-131.680334
44.321347	114.223460	-177.774847
138.590810	24.616209	-105.855402
-117.174031	154.495903	102.793439
-94.365163	110.817075	-71.229324
-20.061880	40.639650	-1.709958
-169.907953	107.105977	145.750317
-95.775429	124.211780	-6.865749
151.876478	141.825623	-96.108582
-98.406473	99.077465	-24.357239
-38.923487	162.386605	-174.814295
99.481014	80.127387	119.023713
165.843657	42.358859	167.298594
94.519291	97.111829	-48.073258
151.967359	21.578755	152.263933
-8.982453	97.044051	-155.893415
-113.333707	126.893611	139.323936
-43.876234	74.456473	-48.931303
-47.253777	71.141439	-125.594551
-118.153910	118.554654	110.195047
140.946038	62.356074	-65.437682
-109.714188	155.823078	-135.213314
-144.280365	86.848996	-82.740979
148.928489	13.077801	6.852937
-169.929696	80.281489	124.151355
111.906796	112.807941	-52.918257
-91.462007	13.965551	-146.023099
150.977281	25.946772	-65.682398
-153.998301	109.774251	-29.339326
79.278414	112.541886	-13.376379
92.901546	121.806547	-77.653770
100.092775	106.402555	98.337529
-166.663554	92.647645	-44.280747
1.292230	68.346703	-65.531667
0.846112	166.915561	130.328045
-74.814599	40.325080	14.287107
50.354273	43.944887	-74.448564
-90.310264	102.751871	11.192017
12.398895	102.404913	56.135389
-13.673629	34.222086	161.781665
5.744566	59.477162	12.582221
-95.480450	132.197815	124.275968
52.842262	51.081939	86.029712
155.581144	135.033579	98.541315
-35.067110	99.349151	-96.142491
59.811559	143.734597	121.931000
63.315480	53.156841	-131.616989
116.075860	154.789020	16.442141
141.176799	87.698408	-89.945672
11.755395	87.672733	-45.565317
-129.863501	146.065135	171.600691
-70.140197	153.801013	-156.336417
-80.393184	98.352310	92.590815
67.028742	143.779358	-142.775479
110.153399	37.186793	-104.747598
144.614616	51.279256	117.787406
19.809641	57.234801	142.738761
-174.003845	111.287456	96.759541
91.809619	168.644702	-68.535015
19.959078	52.120132	122.129739
-64.289349	70.450900	-108.397852
-78.225013	55.264776	93.529652
-33.466864	123.363892	-134.865318
147.656293	116.519965	58.640955
-88.340500	68.356015	146.757054
159.366772	53.448223	70.336025
-24.621411	96.559737	107.343764
-55.696625	158.363592	-99.232513
147.226526	46.747629	88.751135
37.256339	65.648863	-88.202843
-137.333321	52.552875	-100.484906
-4.293830	128.685016	-64.011214
-42.409665	130.127918	-138.885760
-41.837918	76.187931	-110.169200
136.006119	144.033572	-167.164530
69.133382	19.845492	139.634777
87.362071	137.328272	77.824365
82.592170	115.111139	25.655254
-29.077845	117.658362	-31.612252
-165.625252	131.431526	-31.108904
157.992911	97.144823	-5.086947
-1.881458	116.732690	37.858971
-41.528246	110.883016	16.504866
100.329065	31.929549	-85.238520
-68.958779	44.742096	86.909583
10.344590	77.787900	-49.629055
-65.380599	32.410318	-157.084872
-91.801457	43.563246	121.668828
-29.851640	93.083543	-70.126643
35.024489	99.981394	169.924116
-172.866359	72.682298	-131.818176
107.300259	100.043142	12.162050
-136.563863	87.675844	20.981912
87.765514	96.866569	-147.278281
115.517681	149.538389	-62.759801
-67.894310	91.923012	-16.348627
-177.738743	119.923139	121.233047
176.767365	168.575627	-21.726558
-164.017228	109.587732	-55.154117
56.698700	26.126582	79.870910
171.541174	115.011607	5.484668
28.051692	77.674334	-141.292987
151.785584	10.817725	-15.433078
-95.098042	116.446282	-152.948953
-153.443006	86.257768	-156.058047
-130.042833	13.718326	-13.028816
41.797241	53.569670	84.356940
-51.785217	119.154963	118.034545
99.934404	48.949023	20.525925
-143.103767	18.416471	-164.454820
-92.896647	145.292971	-107.685976
-29.864924	94.833931	65.384969
11.829783	88.677458	-42.460481
-153.851390	93.071678	-149.247122
-61.439701	43.883742	154.323599
-4.639226	53.968736	-53.982536
137.381180	104.475244	110.774361
-45.098567	94.846986	116.934748
74.693828	64.420998	2.722363
139.458731	36.488012	103.452872
92.684438	160.624807	58.869583
-123.857992	120.461665	25.214329
4.289226	11.331415	-84.067898
-14.989923	98.349417	173.129943
120.849168	58.102283	153.239722
-111.833690	123.290740	136.735528
45.292594	80.449661	-26.636938
-10.601446	27.226557	-114.086160
119.575410	119.735056	-157.808530
140.176991	26.950812	-16.986414
-15.681969	98.241749	-105.821471
-139.288582	48.346900	-10.114232
131.546736	85.554199	127.218688
-104.521850	143.529534	63.695945
-38.581827	48.088043	-14.622720
-42.417729	82.198440	150.084725
151.863703	67.715402	178.631947
-73.972311	69.776891	-100.837921
-71.219239	38.805774	-37.543857
-116.639911	137.217033	131.826065
-37.698369	170.131277	-81.963690
-85.069713	40.843674	90.636135
171.629892	92.963658	118.825662
-88.564030	52.382981	-83.373833
87.837358	38.196434	21.083959
162.399153	88.903729	-169.802055
-178.428091	18.338227	-116.014628
-49.247307	17.945956	118.254821
-44.935909	71.489872	-77.951591
55.720577	43.915493	-119.474425
132.467271	80.570144	33.046519
-120.267517	121.166020	-83.940436
-41.151348	3.799500	87.478999
57.195734	97.579280	-47.204881
-146.601960	122.124171	163.004923
-137.131960	66.495806	83.707902
-40.895664	145.052592	19.198483
154.478011	74.507774	13.725340
-8.062783	165.345932	-67.612082
-113.574237	97.912700	-74.236257
135.249766	40.435346	59.849006
-117.706340	19.578210	65.609192
-88.323180	84.838533	-27.184453
-73.742847	154.705500	-36.316013
1.784703	143.576623	130.773848
-131.257643	78.670233	31.395698
-52.158930	100.660912	-136.531142
38.438351	134.706000	171.035387
53.188311	83.707604	158.245233
-174.252970	104.693267	-110.920338
113.271787	149.863486	-1.141522
-116.114878	73.008381	56.291538
76.831683	109.832815	-69.608132
-51.224654	127.612963	-119.350101
121.458419	126.254592	100.376683
-65.139241	136.504374	-62.297427
-172.233921	121.344849	-146.999636
-132.056325	141.032705	-52.963964
18.425602	50.253218	-71.801258
18.681998	97.186229	51.181087
-65.680269	59.625310	-169.166320
-0.999161	76.474624	35.853234
-93.137453	76.813892	-105.138065
117.462740	72.147027	60.058881
-5.078056	87.646894	-30.136049
9.638446	69.118205	-134.634501
-81.144470	114.882332	-145.340413
-115.473824	33.770473	75.199973
39.330030	107.303166	98.644036
-55.595955	133.981536	44.481364
-45.285670	60.803104	133.159044
3.251924	68.878403	-52.173085
-11.217862	118.831046	-92.525323
-167.804655	147.936869	107.831565
13.853477	114.861344	-136.587115
-88.870030	45.772270	102.912170
-50.411431	71.458050	-48.930803
-7.621016	82.200400	-56.424586
80.576638	115.772404	-160.187442
2.282080	104.138095	45.251631
-140.684781	107.167714	-65.123488
132.995500	136.001662	-33.625876
89.293356	87.880582	-41.834746
158.314807	41.540825	-175.831084
126.821616	76.217504	-143.929359
-162.847788	78.140991	-27.038163
-74.139825	97.869851	-99.276295
-3.204366	81.105130	-81.158006
-132.577058	124.227748	-71.255353
137.561821	136.165353	125.838989
160.437472	36.537125	25.149086
-16.085129	29.855059	-127.607845
53.541648	67.295484	-98.311963
142.980231	139.923444	55.681783
-30.130676	33.554334	114.371019
-7.780623	32.733779	-42.416344
-47.625425	124.168543	53.791227
13.886378	88.311060	-63.688060
131.459610	125.460754	66.595839
-122.102540	148.191355	-138.167485
17.375765	146.655535	45.964798
-40.814724	82.566205	90.775714
85.984149	59.535679	103.964290
-3.548381	132.244064	127.401523
-176.950518	143.005183	124.684368
82.390780	98.008925	-169.704709
104.118563	96.900668	139.591845
-169.644089	11.450640	100.584942
-164.578344	88.617268	-3.894221
-32.324439	153.407669	-61.834379
51.504425	50.491774	60.183655
-82.648585	106.747583	9.306174
144.282202	75.400014	85.851443
162.857043	41.024747	-170.840365
110.489440	124.750783	61.879957
123.089366	61.085517	75.070352
-139.863092	38.497931	178.839676
81.596762	149.983013	36.622046
159.337751	38.407776	-99.140723
146.021108	152.751133	-24.156063
118.838652	96.926296	-179.946747
-83.749508	35.837977	-11.498215
-62.909042	81.943345	-75.705283
-32.898869	45.224112	-74.617590
-147.437144	148.515384	18.688760
-165.654650	29.729238	-116.336763
58.472572	90.026832	126.479697
23.231135	84.209862	-65.167925
-64.081162	86.360194	-76.759975
38.644711	99.843235	-106.795426
-153.884808	148.015952	-105.941839
5.146185	138.295919	29.407991
82.754612	109.035690	113.079281
-36.317491	143.709429	0.267740
20.840082	78.376602	89.678671
105.710165	154.306340	-67.961737
-10.304550	98.305626	147.253813
160.450885	111.715775	120.375475
-107.550927	92.901677	63.313153
4.316166	38.305876	-111.037110
66.083091	169.414303	11.384700
115.984060	163.419677	133.430766
-38.472584	50.288935	122.249634
-170.573656	129.975690	-45.148790
-7.679687	64.843982	-65.795816
41.291013	76.587406	-169.122793
11.527294	75.568889	-124.871821
13.791457	103.331329	-21.167296
-172.886770	71.379966	-57.889211
132.165907	76.773441	35.731623
-171.895897	74.542428	-154.622043
127.823364	40.156760	49.945464
148.235561	124.313893	166.331455
65.870701	78.794630	-86.377210
-117.971451	174.962711	138.356973
86.115046	149.925603	176.840906
-164.660189	84.359597	-125.096997
19.895747	84.561661	-168.392306
89.977456	63.593007	127.761762
68.201392	67.380577	13.290292
168.222553	71.614570	-149.338335
79.075974	65.651688	168.885224
130.030038	97.407079	125.063978
-142.249427	157.793421	-13.319074
-126.548477	48.146412	-6.799472
32.185611	55.683119	-163.618485
-46.209848	63.594954	-11.080895
33.822597	54.356926	-37.797030
41.468933	87.940657	-114.735249
-65.120110	138.704435	118.230830
157.201291	109.521297	-29.845010
-114.114697	73.214280	-129.194397
147.373481	119.187422	8.099258
-116.282657	90.617369	-147.528919
-41.173421	62.580593	-67.134963
-174.305839	64.624984	-145.987092
-46.999379	65.359062	156.522265
130.369958	105.398726	124.007678
166.415821	117.888196	-125.675177
62.099843	90.235337	37.045852
66.433549	60.475088	57.664111
-81.987719	158.022922	-164.270525
-26.293640	33.272224	-179.491143
-131.398015	92.946877	-174.447642
137.535573	32.479864	-108.490450
-179.134887	122.231133	-35.184217
105.069924	98.643719	-93.250030
-3.333533	63.821036	26.678356
-12.880998	138.514099	-93.604030
-116.973977	105.720004	-56.726768
-69.613783	15.942866	-95.209492
-1.125689	51.004272	-117.091080
120.488121	111.486655	-138.448704
-18.355604	137.760352	-151.202762
-56.770075	130.227952	112.250352
-121.865441	145.557987	-52.102362
-116.704949	46.368024	-19.519804
176.740557	91.439271	-124.406528
-95.956054	95.758183	-165.407983
-90.381648	109.182861	148.468035
-132.556637	130.687437	-77.595565
100.258710	57.354067	-63.279619
12.872665	87.065043	65.415917
150.030196	98.067381	17.887676
157.740306	131.661012	-90.216098
-114.304600	14.469134	-63.392481
-155.861409	112.089486	-17.855645
109.094415	69.573341	-95.188251
-94.745886	90.250152	-138.488570
38.898602	16.867189	135.825169
-162.901614	78.900134	-154.596945
-38.972478	162.023118	169.836373
-69.258689	154.587278	-153.820635
-33.464837	31.172384	127.467356
79.505090	80.380967	168.110301
-56.695534	58.978418	171.290795
65.667964	108.996998	134.751087
-60.411354	123.596185	-78.436646
-125.105695	103.160730	-1.561425
75.851782	59.791612	-34.968126
177.667674	145.424881	25.709886
-125.545313	32.090750	-141.120534
96.001425	100.621203	13.473549
-90.543994	22.068196	-35.676711
77.465168	109.440889	174.190850
91.950389	116.903549	-27.425768
-96.696815	132.153424	68.729050
-59.310834	92.463099	64.815967
0.334454	121.255376	-2.305790
-18.919047	165.252053	50.737646
141.012499	59.462796	103.520017
-120.005137	134.596117	-59.532010
-37.041064	131.606780	80.131935
138.180340	8.126471	-80.065117
-173.499387	77.862346	7.056875
-176.436261	130.818378	-134.455052
109.615269	74.448561	29.695502
7.052751	136.534931	123.324127
-130.589185	96.015990	95.674853
5.025363	84.518990	-134.143576
-62.954261	110.132105	168.901246
-110.658404	126.207007	-96.352548
-36.675712	118.966035	-29.090874
-117.582738	114.301940	35.367598
8.959144	96.164202	-98.075054
-10.674489	90.418162	16.187924
2.919068	159.106036	-8.262699
-64.676948	56.143388	166.346019
154.290406	101.853063	95.469762
63.072495	60.008453	170.180307
113.874473	123.765876	7.304340
132.862149	59.749997	115.958925
-97.248143	94.463542	13.742163
119.106123	37.666198	24.693368
113.349036	52.403747	86.278066
-166.444257	57.652060	-36.768740
-62.677199	57.349430	-109.194084
151.549009	70.106328	115.441673
-159.504838	80.136819	33.256918
-56.378587	88.393771	118.159189
42.153543	134.886963	3.361959
108.812327	59.495110	-123.314930
-65.140195	110.911570	-40.539799
-120.558348	97.485827	-39.617631
22.190520	70.516040	120.813559
-141.988366	52.195508	10.028878
141.164610	97.417493	85.816582
-47.572416	114.931724	50.032200
-94.824585	136.318822	73.991891
146.117758	132.170176	-155.588690
110.727148	49.867384	156.909181
-159.410889	96.902917	41.835304
-36.455216	129.244717	165.982621
-50.748641	103.157216	-169.696958
-130.059476	91.545792	165.661319
141.011271	20.329902	-175.615547
-150.054089	95.451341	-168.077785
153.251397	44.611394	90.970757
-141.508933	148.188998	-152.568379
28.693752	156.655593	167.291248
130.826533	79.676807	-4.606645
72.395981	86.631820	25.918598
-112.526781	27.347776	41.630627
-101.795720	84.338277	-97.451984
-21.852954	143.284870	157.906675
-80.665549	91.016797	-172.340910
-70.859534	138.196394	-67.123508
-39.026811	39.585059	13.607795
-154.811585	13.461317	-39.708225
-28.527760	149.148373	89.177991
145.537851	115.515083	160.707287
-108.504583	78.094976	-117.864717
-157.289362	76.328418	-129.349087
17.396001	58.230010	45.219334
-42.056011	86.925110	101.314831
101.210238	159.283486	78.813189
-62.871946	128.733718	122.788886
-27.371785	105.278722	169.034622
138.626631	91.795435	116.841199
1.376387	102.009580	-62.718060
-37.701475	89.615916	-140.236401
121.138239	118.876104	-137.104851
97.316620	39.308902	91.406800
36.911984	147.744249	59.638780
7.115057	76.962451	94.570396
-41.884792	54.174167	-54.094152
-33.586392	134.839903	170.088895
-71.310918	37.248267	-83.006415
164.936292	125.541804	-170.876358
151.086351	42.908464	-70.103371
99.695271	52.517469	-89.584563
70.119595	153.396967	-70.304236
100.224206	95.351313	-107.971667
44.616650	167.879402	-44.954288
139.163497	63.334602	-67.129720
-69.724408	141.005970	-89.786745
25.382242	127.652977	-13.492498
-118.711923	96.462034	-133.639934
-38.518249	90.488913	-29.675609
-125.652475	38.027916	-129.715045
119.186699	120.436038	88.572290
-179.047891	12.355804	-129.195940
74.424541	82.919835	-134.802604
62.306753	122.881060	69.322813
-33.323900	75.872953	-17.431230
-97.304122	35.665820	-156.014032
161.770899	131.758402	1.527040
-8.648886	97.844977	81.755603
51.044360	47.456463	80.931869
153.463750	121.136691	-98.956012
24.821837	140.099534	-20.012159
113.613441	76.422071	17.744690
144.021168	53.570111	117.925677
-7.646612	83.668926	62.404746
18.749346	84.656880	146.005942
78.961583	64.495000	-11.465082
70.123269	127.722183	149.637330
84.030729	168.428137	-32.432092
-165.865863	95.541326	44.474451
-30.354283	119.364567	-107.576434
-71.736682	43.812194	-65.321592
83.314924	120.013205	89.399759
-119.223290	44.685923	-35.934784
117.862667	121.120383	-80.273925
168.853751	121.020954	-117.734021
27.306629	102.288238	-138.536660
-20.848979	152.057484	97.914447
42.572315	74.162025	111.023075
-40.304686	94.802665	-88.272533
-115.124801	67.236565	-106.664436
-93.598825	142.616850	152.999732
-29.146411	69.323460	178.152166
65.250589	111.013301	36.825572
-126.676276	74.228199	20.505757
176.435104	98.193146	-127.792260
-55.633304	87.372527	33.171499
108.044104	48.672191	-137.454927
-167.636895	129.178645	128.084960
131.376225	131.006970	142.037950
91.638944	134.866031	81.100571
72.978646	65.898487	60.369827
142.558849	52.867053	-152.769420
86.687532	141.692915	60.286852
-133.438397	42.633142	158.108563
99.246623	169.588571	155.468188
152.602613	131.631434	-149.273061
126.809327	133.131601	141.709081
-144.464733	121.334345	-90.506078
18.653377	86.138295	-141.835575
45.324556	81.674649	-54.342617
121.542205	52.624131	-101.352080
24.970456	111.702788	71.723677
-114.188177	138.704502	-110.410801
-157.479928	96.748209	-166.252275
156.905820	97.814367	77.629465
-74.357218	143.156892	112.016449
18.896066	91.570230	-21.787809
-122.996978	97.452851	-168.472344
-49.222732	166.297537	-62.838759
77.892436	105.003221	8.979577
-163.498780	73.863611	-135.574206
-169.178937	80.426843	-139.665316
43.506238	104.202208	137.155593
126.046385	86.849275	-12.931524
52.500615	166.996445	88.333693
43.685338	91.436147	104.278125
-172.300977	52.739624	155.657048
-172.629927	101.848912	110.352977
176.404464	116.755924	-8.640982
62.760321	4.751982	65.945023
-28.948497	118.931752	154.858385
-170.245410	98.482713	-0.666094
79.337189	78.837721	42.018315
82.692473	100.575531	-163.894610
-55.426799	39.274893	-27.769444
-35.833089	58.794772	-165.792354
53.704399	119.882655	20.869182
129.738948	86.598115	56.282215
134.196578	154.722015	-97.074779
-3.765718	39.743598	-72.353402
-137.692936	107.651539	41.051483
-167.846285	62.507855	-86.371578
-44.078075	154.190273	-135.684545
107.474236	70.585263	-116.281911
-35.601692	99.942231	-34.544175
-80.590810	44.283194	-95.764784
-23.785507	59.615013	-139.307989
56.013503	94.652351	-39.790962
-121.592288	88.577542	74.293930
-110.199255	108.022798	175.052492
-35.201740	51.303746	-179.968960
-149.625745	127.790652	-57.767445
132.661521	110.225982	101.257067
17.638328	107.469089	147.304232
-82.587758	25.587608	-169.671328
74.409721	85.348612	-139.267515
-147.136984	105.287838	118.694125
-144.106948	78.076995	-18.100054
-97.973887	139.747919	149.178289
-171.308633	68.172432	-44.894749
54.354295	150.859824	-65.695828
-111.265848	135.380250	-75.769005
19.618462	100.259783	-26.835863
33.899016	115.939572	-107.658504
-143.053706	108.237626	-61.006304
-48.516236	56.666196	110.898125
101.425535	49.388278	98.800366
0.160371	74.323679	-14.019331
-11.125692	19.922589	-68.387962
81.322061	151.523909	61.399398
-164.518535	143.636197	62.120234
-110.937756	151.406704	-44.895936
117.408749	104.508638	81.989544
-89.031252	119.958389	-79.913595
58.408121	28.457175	-119.289235
144.770156	64.545167	-45.735911
-2.747933	24.738340	-19.232287
-30.938073	50.192825	28.508545
58.944887	25.327828	49.346234
-107.692888	95.709637	14.395480
114.549798	139.158352	-76.318495
-159.156636	24.634855	-92.096265
120.169379	47.682854	70.333858
-127.451093	15.930831	134.190378
-168.053897	94.249435	-14.741665
-44.220621	138.366948	-117.467461
149.241710	125.240956	-122.473985
171.696982	36.846980	164.866457
-108.602142	83.961780	-39.633444
-115.938956	77.147274	-128.589306
156.616009	92.047555	-6.452655
-32.057700	52.279004	105.620443
25.267196	81.355968	148.597003
-106.575376	15.505549	-88.289556
-69.313830	108.965012	110.208530
45.740055	108.490350	77.240911
-17.145709	81.371452	-62.870587
69.650810	43.578453	124.065947
-28.729309	71.077230	-40.154912
-174.907148	60.683662	31.793655
-40.162223	124.603314	-173.137599
159.218866	49.857550	137.778095
-119.298182	53.420589	-37.024766
-67.645265	131.671134	111.625747
26.746872	106.270346	137.038946
1.421907	155.763958	145.364242
-127.592051	140.077339	25.187838
-178.374735	84.527184	-45.396763
136.891414	123.209596	62.136927
-47.154997	38.385967	41.206289
134.159575	42.283325	-51.078257
-177.248690	65.324523	-117.309103
145.971542	147.466331	171.075396
133.414637	152.874881	97.915435
0.568110	93.224467	48.717466
148.020311	111.209628	-118.163831
146.649757	59.088123	82.265840
65.863454	49.205984	-61.747790
-6.163154	116.794557	-155.320717
93.311035	142.657884	154.475340
-138.096260	75.978909	24.476361
88.420474	99.619735	62.398938
-170.794612	76.330244	46.285014
50.049630	100.358353	78.014063
96.434283	104.208168	-109.194957
-106.985672	63.985300	-153.764181
-79.896913	119.811338	87.021103
-113.650451	62.502614	159.001723
65.462084	60.965302	-144.038666
151.734477	71.414274	6.614977
-150.925588	30.165763	-88.226728
27.359836	159.557875	177.536763
-165.543676	83.210511	130.783111
-103.037998	167.990362	-121.609627
-102.152328	147.288228	-65.075074
-26.603444	92.373970	102.356012
-122.296998	116.674988	16.294202
121.705709	124.559914	-156.442022
-76.493368	138.427592	-4.915469
168.078176	63.730366	71.589017
148.516171	111.215177	-109.368513
-99.796251	72.683919	-163.737227
87.573193	113.865915	-102.104488
-103.358223	30.432134	-83.503074
-70.077716	128.487755	133.414048
63.456431	54.401519	137.262865
-135.626790	106.793090	123.080359
44.304676	71.326487	103.880899
-106.331823	141.027171	81.619894
7.706058	71.275963	-120.998575
62.299652	123.256708	-48.280587
-31.775806	126.685719	85.947365
92.192748	36.929869	169.726452
-103.115281	64.500815	-67.731358
-64.538468	41.894775	-99.502313
124.094474	86.719174	-34.807438
-17.627699	65.562940	88.230514
71.599217	167.903577	-76.976828
-121.208208	59.143593	-36.825490
136.001865	148.631351	53.224443
-63.742004	51.914271	-21.968757
-166.427512	78.455657	127.194342
-61.067902	84.480848	152.695343
80.204904	58.543422	12.472441
59.555548	91.017080	100.623831
-114.742824	157.411017	-64.121239
-46.314763	168.726356	-87.562731
123.776078	42.797312	50.669148
-19.107452	43.557593	94.067591
35.151099	47.508327	113.331998
48.539597	45.619770	-34.120566
-27.819502	147.259439	-27.857353
0.513533	164.554550	-14.551817
-76.887006	33.571628	-86.092552
57.781838	114.174941	117.818291
-146.369195	121.916586	-1.041525
-112.591673	105.817455	130.766519
-68.759377	98.568894	14.282151
-18.193978	75.839802	-176.240270
161.109213	52.821650	99.307744
139.644487	80.384702	-171.547496
-110.162975	103.177553	145.819990
-117.382718	64.692459	-127.939748
41.627036	95.768139	158.513960
-139.755320	125.173312	-171.764392
147.254618	16.067459	29.319700
-61.242675	42.282101	-40.151693
13.360419	104.116756	133.200013
-34.948846	20.767540	161.225437
-83.953785	110.094311	124.936847
-177.367645	103.231146	-148.668358
68.962193	40.691465	30.731407
49.057541	120.167453	113.168060
-69.136008	98.315864	69.437708
158.288956	60.734436	22.873521
168.688524	99.133585	-13.272699
115.033654	155.302766	22.867828
-94.751007	122.877442	-29.640942
26.841729	50.313012	31.976180
58.792202	74.745298	-152.624749
175.914824	51.103825	72.733768
-89.849878	68.266933	10.114192
72.211772	140.870664	-118.203532
115.517602	53.598136	-96.540434
-73.482930	74.165254	106.222589
-2.975769	155.523812	22.671869
-58.996532	49.295498	167.578031
12.793471	31.250137	-48.921433
17.315740	26.579665	-71.189324
-58.255667	98.336163	-21.009751
-78.596045	50.526535	-126.322014
144.161851	82.809669	-91.169066
-173.167109	97.255601	25.928766
85.178054	102.707034	47.579493
101.156771	123.964742	-71.431185
113.774532	137.255832	8.719362
-114.775259	59.516957	-135.932269
-17.323748	58.129562	76.804445
-80.757782	123.606989	151.812996
-40.394947	132.853743	47.534679
49.758857	170.037171	-24.047424
136.812431	137.351216	-104.757583
130.600209	108.562442	-11.794491
73.724552	82.055012	80.170883
-138.684273	118.393430	161.635792
-115.276635	136.663027	34.753932
119.955021	148.448139	54.872268
-120.048675	20.324965	122.889724
-121.339358	30.740207	-17.073861
-69.093493	138.417027	0.601410
150.443373	90.283893	-152.545490
-170.491781	148.621844	-158.159004
-132.171388	120.566018	157.830841
31.862528	47.814453	113.186961
4.630046	135.405173	48.857854
-100.619658	81.172848	36.283356
14.768893	61.536838	-27.625503
106.173411	74.933480	56.625594
-119.171232	78.127929	-36.604326
157.396929	81.392191	-169.914245
74.795345	80.638742	-152.458027
-43.749635	68.466984	23.186647
-68.364036	57.061662	84.980456
-96.109202	42.859423	76.597816
-83.973473	138.661712	-17.107626
-173.916962	112.314488	99.797081
-16.686037	70.662052	-33.255740
177.587505	52.253390	-35.247104
-149.385329	48.256644	-68.830302
136.357354	48.769519	109.160313
-169.923907	92.871481	21.638622
-74.337218	80.081080	98.593400
-168.706845	143.925860	99.484611
-71.965967	137.943509	-179.116667
106.408335	83.229968	99.854492
10.942929	120.389676	44.875648
-84.612028	98.399272	96.142416
39.840099	52.999844	5.851796
30.855280	164.856904	39.624316
-20.098675	97.597212	-164.037117
35.398041	99.478896	18.276820
-145.748330	127.970317	-12.234700
-81.916494	46.790756	106.475700
56.921467	124.912123	24.457535
78.438371	62.493216	-179.567226
65.654468	77.532757	-66.047205
-160.170419	110.750548	145.336425
-158.020696	15.696818	-83.944903
6.593342	87.201843	-126.798816
142.085011	48.921093	-84.696158
-85.107008	22.075086	123.661927
-87.211598	22.443092	18.296834
112.844845	43.057512	-13.845981
-127.463243	98.912024	-153.195183
-6.703430	74.562244	156.833563
-2.901108	141.009945	-155.827747
86.132185	114.136195	76.622137
135.892309	75.336498	50.317306
20.527477	157.941108	-42.248698
-10.428675	34.522072	156.873802
-79.003034	116.765096	-152.682690
-128.615331	22.455270	130.699373
24.505747	99.607746	108.354966
-140.574825	34.878891	0.740230
146.456231	81.816497	74.549989
135.556489	123.842853	72.871036
85.108538	37.848611	113.336262
-116.352023	90.553406	-56.353144
-177.335857	18.874095	60.938419
8.680190	102.964787	176.928564
-179.719129	125.786129	-57.583808
-161.609656	24.082046	140.212806
-67.755420	138.147933	10.273990
-158.747816	11.539632	164.489785
-7.433030	112.729837	93.757110
48.349575	88.848088	56.843322
17.780146	134.906678	-42.629691
-44.186288	83.927760	-70.622596
-174.683112	74.258037	-53.906191
-10.426275	129.163820	-155.818578
-82.136825	37.278913	-71.762478
5.905842	118.402888	-72.309119
-66.328500	33.817309	-165.042492
-84.697038	74.224618	74.349447
57.550854	53.330971	-14.599209
-168.480146	63.695930	-26.430940
1.928489	105.347965	-18.111299
39.160406	18.260309	91.141341
1.977205	88.961574	-64.242393
-3.153931	53.688955	-25.397355
-64.385809	123.145862	-163.478032
-171.883248	114.455700	-60.135259
149.895449	61.102836	59.916062
28.689473	91.820580	-123.951222
93.127662	139.023553	-89.500701
94.437180	55.145381	-163.585916
128.802844	75.208147	35.543006
105.689357	84.867834	63.025101
75.033543	96.197210	65.235368
171.383878	125.391047	-114.340781
86.950924	65.505323	-74.580764
141.479221	21.414313	-23.265397
117.790698	50.739081	-115.521230
111.276628	54.222977	158.664373
-111.497150	72.817486	99.809120
37.363935	96.903587	-115.355409
109.260555	117.965344	94.224887
-168.774807	117.800214	-80.869043
-129.145900	84.690420	-113.422648
119.207307	36.331957	-124.089099
-60.040253	82.526213	-143.448328
-155.675980	130.363850	-22.048253
162.183054	137.651491	71.127685
119.056529	81.213243	176.130650
81.448811	34.406414	-51.370621
85.178769	106.171583	147.172436
132.119507	81.670184	-133.246649
165.094207	110.688358	-110.300550
-177.898801	43.421248	89.168484
-173.188300	89.708102	50.773528
11.386816	28.062491	-50.227427
-68.252454	134.270453	-66.401448
7.311660	112.493688	-37.516644
-43.933814	73.070540	-86.441744
-0.733185	51.952889	-33.574686
76.518754	67.473929	16.492442
17.023469	116.824523	153.075002
145.247892	88.284450	-100.545202
-42.916143	60.589935	105.924540
119.953562	63.874879	35.888506
73.886306	104.104138	12.107074
-53.405449	63.233221	38.382997
104.238594	137.469905	-70.671839
-10.395415	104.133157	-12.422487
126.686718	55.587199	86.011873
138.366538	97.309585	19.628539
131.358745	125.180556	56.482581
-93.801567	160.806921	57.203031
-57.586279	60.757064	-104.833527
-171.356638	113.503948	-35.387792
-12.725465	32.411682	-174.865833
-127.447554	127.744595	19.080372
-175.107327	48.285885	-103.559453
106.252960	66.479178	-100.055636
6.797633	115.945829	41.634179
-171.508406	171.117143	-51.386168
109.578733	122.219872	-39.765308
-132.043766	65.003563	-117.433775
47.583350	37.598004	-35.980281
41.811858	115.811724	164.764623
-79.252673	133.926790	-4.208898
116.677208	113.771788	83.904567
93.215714	113.938741	33.835830
-166.219482	20.317731	-133.637155
-63.106160	79.151505	109.339486
-60.052145	123.479562	103.873283
-55.264629	63.612824	43.626902
-37.970263	143.148950	85.739761
-91.971754	81.529208	-8.656685
71.765258	80.945679	42.546039
20.527089	69.064817	140.313884
-74.551384	151.250483	-119.813204
105.797041	68.096902	111.724318
179.343838	17.724853	-160.705375
132.320355	124.957114	-44.898783
178.825625	66.088639	169.506799
-168.680014	146.054913	-133.039973
10.850832	77.705960	109.365321
-109.965098	83.083917	-128.678701
112.371605	58.130073	-107.534036
-133.806327	122.798530	-53.491423
-164.588082	24.578967	-155.774544
-3.618489	82.909872	54.871584
-24.614748	114.114101	74.512687
-64.511235	57.782515	-18.798549
100.993028	71.438128	150.527744
127.441968	111.348155	-113.290260
152.925363	84.152978	-58.129846
-172.602182	107.043542	124.274367
168.739971	80.867035	65.855926
160.379017	110.415494	72.590376
19.888390	87.059390	-174.643586
-139.095906	33.865484	-42.508090
-172.620688	124.781413	40.377783
88.849849	52.893407	10.935940
121.175420	85.387633	-94.799673
-25.575392	88.844589	-83.223410
-10.488933	140.254682	102.943626
143.850501	144.845541	168.810603
-119.748737	122.325496	163.358759
154.444348	22.951794	-161.497072
55.632952	111.768067	25.509717
56.152125	82.023560	20.391460
115.101858	46.425977	63.147789
31.692644	151.379512	84.094178
149.987055	117.037273	135.828165
28.164463	162.673010	130.657243
-136.337498	83.309389	-161.738323
101.301308	143.614349	93.869255
-77.821875	70.675837	-116.877572
125.681445	58.394336	88.306926
151.460171	75.037155	69.511853
66.829575	25.417873	-23.049336
177.100682	144.794345	-149.635606
-7.125883	99.631545	-51.122725
-165.476602	99.426254	152.112754
20.480132	141.425547	-129.445138
169.355666	112.313116	93.780691
-122.146490	35.459156	-170.440026
-161.129606	103.932587	-171.843270
103.907729	64.084361	-122.653450
-27.204213	82.658635	91.379954
-107.541451	131.768799	104.556047
-49.745483	73.648329	-62.013747
59.252962	109.194007	-47.037372
155.831485	148.769557	148.552571
21.580522	28.852307	145.416501
-117.030240	70.041675	-118.933047
-106.010141	92.137078	44.827883
94.100378	125.085828	169.885666
-67.401520	114.617108	45.553733
-153.614791	41.383278	137.593479
-39.838055	110.915217	11.926553
-3.830845	124.925985	37.266515
91.127069	70.028042	64.835598
-101.514135	67.054919	-91.590170
138.426476	69.560057	137.476279
120.990785	91.175017	74.685289
-2.031255	100.380755	-91.909942
-23.340811	75.488701	-138.207200
-7.436987	118.385791	-105.770646
-121.176066	150.857898	143.658010
32.349282	82.214719	-175.392499
-124.666685	90.102274	-82.634136
-43.059629	76.185855	40.036563
-90.134757	36.943527	37.096576
-123.652004	164.363844	60.446883
-137.895546	115.341211	48.341120
