            phi1             Phi            phi2
   1.2226983e+02   5.7901748e+01  -1.1423288e+02   1.0000000e+00   1.0000000e+00
  -5.2566930e+01   1.9394971e+01   3.8336968e+01   1.0000000e+00   1.0000000e+00
   1.2438192e+02   2.6789950e+01  -1.5508812e+02   1.0000000e+00   1.0000000e+00
   1.3436681e+02   7.2351356e+01  -1.1422249e+02   1.0000000e+00   1.0000000e+00
  -2.7226968e+00   3.1768249e+01   8.3868825e-01   1.0000000e+00   1.0000000e+00
   7.1407915e+01   2.7988732e+01  -3.1993680e+01   1.0000000e+00   1.0000000e+00
   1.0720616e+02   1.1153807e+01  -1.0586246e+02   1.0000000e+00   1.0000000e+00
   6.1517376e+01   2.7893338e+01  -2.5817305e+01   1.0000000e+00   1.0000000e+00
  -1.1929333e+02   3.2565132e+01   7.0788402e+01   1.0000000e+00   1.0000000e+00
  -1.0233325e+02   2.7204714e+01   5.7384762e+01   1.0000000e+00   1.0000000e+00
  -2.2021938e+00   3.4807576e+01   1.1541581e+00   1.0000000e+00   1.0000000e+00
  -8.7308178e+01   2.7867796e+01   4.2991249e+01   1.0000000e+00   1.0000000e+00
  -1.0867167e+02   2.6361813e+01   1.4691007e+02   1.0000000e+00   1.0000000e+00
   1.4151737e+02   4.0875899e+01  -1.7651072e+02   1.0000000e+00   1.0000000e+00
  -1.0844704e+02   2.4696365e+00   1.1304806e+02   1.0000000e+00   1.0000000e+00
   4.2734625e+01   3.9696462e+01  -5.9519288e+00   1.0000000e+00   1.0000000e+00
   1.1477091e+02   2.2568398e+01  -1.4660085e+02   1.0000000e+00   1.0000000e+00
  -1.1580388e+02   2.8257930e+01   1.5215930e+02   1.0000000e+00   1.0000000e+00
   4.5920745e+01   3.3114884e+01  -1.4345418e+01   1.0000000e+00   1.0000000e+00
   4.8557817e+01   1.8831384e+01  -2.9637768e+01   1.0000000e+00   1.0000000e+00
   1.5445280e+02   3.1169754e+01  -1.7088907e+02   1.0000000e+00   1.0000000e+00
   4.3923244e+01   7.3190465e+01  -6.6274409e+01   1.0000000e+00   1.0000000e+00
  -4.8390700e+01   7.2854350e+01   6.3984679e+01   1.0000000e+00   1.0000000e+00
   1.3314385e+02   3.3025305e+01  -8.1803219e+01   1.0000000e+00   1.0000000e+00
   9.3064421e+01   3.8293109e+01  -1.1448932e+02   1.0000000e+00   1.0000000e+00
   5.7898152e+01   3.1910256e+01  -2.0868490e+01   1.0000000e+00   1.0000000e+00
  -9.6038702e+01   2.5587997e+01   1.3940658e+02   1.0000000e+00   1.0000000e+00
   1.0612174e+02   2.6447036e+01  -1.4505380e+02   1.0000000e+00   1.0000000e+00
   4.9238630e+01   4.2896163e+01  -9.0879557e+01   1.0000000e+00   1.0000000e+00
   1.4752455e+02   2.9346759e+01  -1.6899556e+02   1.0000000e+00   1.0000000e+00
  -5.0984218e+01   3.7736886e+01   9.9003721e+01   1.0000000e+00   1.0000000e+00
   4.9849094e+01   6.4459371e+01  -6.6771549e+01   1.0000000e+00   1.0000000e+00
   6.7701720e+01   2.9599004e+01  -2.8766631e+01   1.0000000e+00   1.0000000e+00
   1.1938246e+02   2.2246981e+01  -1.4847308e+02   1.0000000e+00   1.0000000e+00
   9.5039577e+01   2.7036048e+01  -4.9548651e+01   1.0000000e+00   1.0000000e+00
   3.7956971e+01   4.9526608e+01   4.3274246e+00   1.0000000e+00   1.0000000e+00
   8.3660101e+01   2.6920900e+01  -1.2427377e+02   1.0000000e+00   1.0000000e+00
  -9.6744461e+01   2.6273532e+01   1.3701327e+02   1.0000000e+00   1.0000000e+00
   6.6327320e+01   3.4487242e+01  -1.0631054e+02   1.0000000e+00   1.0000000e+00
  -3.7562432e+01   3.3128174e+01   1.2464064e+01   1.0000000e+00   1.0000000e+00
   8.1263426e+01   2.6720931e+01  -3.9715578e+01   1.0000000e+00   1.0000000e+00
   1.1092878e+02   3.0095150e+01  -6.3495335e+01   1.0000000e+00   1.0000000e+00
   8.1036217e+01   2.7960312e+01  -1.2744757e+02   1.0000000e+00   1.0000000e+00
  -1.2709960e+02   8.0207319e+01   1.2395909e+02   1.0000000e+00   1.0000000e+00
  -1.6443899e+02   6.1402694e+01  -1.6646067e+02   1.0000000e+00   1.0000000e+00
   1.1320872e+02   1.3553295e+01  -1.2854091e+02   1.0000000e+00   1.0000000e+00
   8.7432506e+01   2.8093940e+01  -1.2746618e+02   1.0000000e+00   1.0000000e+00
   1.4319295e+02   3.1088292e+00  -1.3949757e+02   1.0000000e+00   1.0000000e+00
  -7.1860430e+01   3.9113718e+01   6.3408504e+01   1.0000000e+00   1.0000000e+00
  -1.4703747e+02   3.6399225e+01   1.7141403e+02   1.0000000e+00   1.0000000e+00
   5.7848728e+01   2.8071163e+01  -2.5617869e+01   1.0000000e+00   1.0000000e+00
  -4.9390332e+01   3.0158285e+01   1.8785044e+01   1.0000000e+00   1.0000000e+00
   3.6718111e+01   3.4750682e+01  -1.1985019e+01   1.0000000e+00   1.0000000e+00
  -1.2529020e+02   2.7562033e+01   1.5416573e+02   1.0000000e+00   1.0000000e+00
  -2.4864083e+01   2.3628348e+01   1.5275923e+01   1.0000000e+00   1.0000000e+00
   6.4163487e+01   4.6707553e+01  -8.4697138e+01   1.0000000e+00   1.0000000e+00
  -1.1444150e+02   2.5241579e+01   1.4926523e+02   1.0000000e+00   1.0000000e+00
   1.2809053e+02   3.9748826e+01  -8.6599157e+01   1.0000000e+00   1.0000000e+00
   4.8395910e+01   5.2008989e+01  -7.8112517e+01   1.0000000e+00   1.0000000e+00
  -1.5474590e+02   1.5266662e+01   1.6235559e+02   1.0000000e+00   1.0000000e+00
   8.5450816e+01   2.6489269e+01  -4.2785854e+01   1.0000000e+00   1.0000000e+00
   1.3187220e+02   2.9994397e+01  -1.6163238e+02   1.0000000e+00   1.0000000e+00
   5.2799530e+01   6.7096322e+01  -6.7047965e+01   1.0000000e+00   1.0000000e+00
   1.1073193e+02   1.8491060e+01  -1.2752573e+02   1.0000000e+00   1.0000000e+00
  -8.8744943e+01   1.4674572e+01   9.1221931e+01   1.0000000e+00   1.0000000e+00
   4.4890791e+01   7.1818327e+01  -6.6989507e+01   1.0000000e+00   1.0000000e+00
  -1.1981061e+02   9.0505624e+00   1.1474281e+02   1.0000000e+00   1.0000000e+00
   6.1742254e+01   3.0638303e+01  -2.3557205e+01   1.0000000e+00   1.0000000e+00
  -1.0304444e+02   2.9230082e+01   5.7805971e+01   1.0000000e+00   1.0000000e+00
   1.7032251e+02   2.1897796e+01  -1.7253304e+02   1.0000000e+00   1.0000000e+00
  -1.1666927e+02   2.8242769e+01   1.4685619e+02   1.0000000e+00   1.0000000e+00
  -6.7369107e+01   3.4930088e+01   6.2267930e+01   1.0000000e+00   1.0000000e+00
   1.2385759e+02   3.0476789e+01  -1.5808589e+02   1.0000000e+00   1.0000000e+00
  -1.4252251e+02   6.5240419e+01   1.0683965e+02   1.0000000e+00   1.0000000e+00
   1.7600723e+02   2.1598028e+01  -1.7323478e+02   1.0000000e+00   1.0000000e+00
   1.3387916e+02   3.2079250e+01  -1.6354732e+02   1.0000000e+00   1.0000000e+00
  -1.5752572e+02   5.4200263e+01  -1.7223174e+02   1.0000000e+00   1.0000000e+00
   1.4711421e+02   3.7165453e+01  -1.7209066e+02   1.0000000e+00   1.0000000e+00
   1.1396057e+02   2.8420372e+01  -6.4291065e+01   1.0000000e+00   1.0000000e+00
   1.4620983e+02   5.7943176e+01  -1.0249775e+02   1.0000000e+00   1.0000000e+00
   7.0544688e+01   3.0266375e+01  -3.3273246e+01   1.0000000e+00   1.0000000e+00
  -8.1127727e+01   2.9144656e+01   5.6174715e+01   1.0000000e+00   1.0000000e+00
   4.8882936e+01   3.3025584e+01  -1.5359605e+01   1.0000000e+00   1.0000000e+00
  -6.7645806e+01   3.3245531e+01   3.5089032e+01   1.0000000e+00   1.0000000e+00
  -3.9458804e+01   6.6369058e+01   7.1926187e+01   1.0000000e+00   1.0000000e+00
   1.0340388e+02   2.4919436e+01  -8.4395355e+01   1.0000000e+00   1.0000000e+00
   3.5396256e+01   5.4891427e+01  -7.9193862e+01   1.0000000e+00   1.0000000e+00
  -5.7100448e+01   4.9782028e+01   6.8196353e+01   1.0000000e+00   1.0000000e+00
   1.0433080e+02   1.4622267e+01  -1.1463844e+02   1.0000000e+00   1.0000000e+00
   1.7700568e+02   3.1224958e+01  -1.7906099e+02   1.0000000e+00   1.0000000e+00
   3.8662640e+01   4.2948195e+01  -9.1514817e+01   1.0000000e+00   1.0000000e+00
  -4.3857323e+01   7.1427501e+01   6.7111231e+01   1.0000000e+00   1.0000000e+00
  -1.5999359e+02   4.8745431e+01  -1.7802584e+02   1.0000000e+00   1.0000000e+00
  -8.4263773e+01   2.7437520e+01   4.0184986e+01   1.0000000e+00   1.0000000e+00
   7.4502978e+01   2.4828357e+01  -3.5815149e+01   1.0000000e+00   1.0000000e+00
  -3.5336936e+01   3.7495283e+01   8.0524014e+00   1.0000000e+00   1.0000000e+00
  -1.3302538e+02   5.3560859e+01   1.0106853e+02   1.0000000e+00   1.0000000e+00
   2.2476194e+01   4.4208591e+01  -1.7250963e-01   1.0000000e+00   1.0000000e+00
  -2.1546871e+01   9.2588287e+00   1.4754746e+01   1.0000000e+00   1.0000000e+00
   1.4585821e+02   4.5882786e+01   1.7898343e+02   1.0000000e+00   1.0000000e+00
   6.1759667e+01   2.9960118e+01  -2.3803249e+01   1.0000000e+00   1.0000000e+00
   7.4262065e+01   2.7918527e+01  -3.3673143e+01   1.0000000e+00   1.0000000e+00
   8.0497648e+01   8.0454824e+00  -7.7078805e+01   1.0000000e+00   1.0000000e+00
  -1.7245355e+02   4.2505407e+01   1.7955236e+02   1.0000000e+00   1.0000000e+00
   5.7029360e+01   2.6785669e+01  -2.8021653e+01   1.0000000e+00   1.0000000e+00
   8.4060832e+01   2.7167355e+01  -4.1426107e+01   1.0000000e+00   1.0000000e+00
  -1.2389818e+02   3.2913757e+01   1.6123993e+02   1.0000000e+00   1.0000000e+00
   3.9479393e+00   4.3024134e+01   9.4174998e-02   1.0000000e+00   1.0000000e+00
   1.7022415e+02   2.2317092e+01  -1.7434718e+02   1.0000000e+00   1.0000000e+00
   8.6260231e+01   2.5535088e+01  -4.2145160e+01   1.0000000e+00   1.0000000e+00
  -5.3792897e+01   2.5911961e+01   2.8269171e+01   1.0000000e+00   1.0000000e+00
  -8.9614661e+01   2.7103528e+01   4.5793450e+01   1.0000000e+00   1.0000000e+00
   7.9863643e+01   2.1044961e+01  -6.7880079e+01   1.0000000e+00   1.0000000e+00
  -1.3765207e+02   5.8601499e+01   1.0293469e+02   1.0000000e+00   1.0000000e+00
  -3.9861994e+01   3.3618758e+01   1.1982606e+01   1.0000000e+00   1.0000000e+00
   1.3535078e+02   3.1566416e+01  -1.6476400e+02   1.0000000e+00   1.0000000e+00
  -6.5548122e+01   2.5521399e+01   4.7772836e+01   1.0000000e+00   1.0000000e+00
  -3.6605129e+01   4.2461015e+01   2.4495843e+00   1.0000000e+00   1.0000000e+00
  -1.0271863e+02   2.6060271e+01   1.4215089e+02   1.0000000e+00   1.0000000e+00
   1.0419110e+02   2.4387001e+01  -1.2765244e+02   1.0000000e+00   1.0000000e+00
   1.3351510e+02   7.3498785e+01  -1.1631279e+02   1.0000000e+00   1.0000000e+00
   5.1498179e+01   3.3751017e+01  -1.0424376e+02   1.0000000e+00   1.0000000e+00
  -1.0074090e+02   4.4480338e+01   1.0686477e+02   1.0000000e+00   1.0000000e+00
  -1.4510158e+02   5.8841456e+01   1.0315070e+02   1.0000000e+00   1.0000000e+00
   8.8915430e+01   2.7169697e+01  -1.3366368e+02   1.0000000e+00   1.0000000e+00
  -1.6852205e+02   4.0565716e+01   1.7825948e+02   1.0000000e+00   1.0000000e+00
  -2.5445138e+01   4.0067504e+01   3.4804677e+00   1.0000000e+00   1.0000000e+00
  -1.4903808e+00   3.6562267e+01   1.5727704e-01   1.0000000e+00   1.0000000e+00
  -1.0311471e+02   2.7496390e+01   1.4297511e+02   1.0000000e+00   1.0000000e+00
   4.2510306e+01   5.4644400e+01  -7.0584221e+01   1.0000000e+00   1.0000000e+00
  -1.4484887e+02   4.0506528e+01   1.7665602e+02   1.0000000e+00   1.0000000e+00
  -1.5748164e+02   4.1530757e+01   1.7828366e+02   1.0000000e+00   1.0000000e+00
   8.2430108e+01   2.7894104e+01  -1.2828587e+02   1.0000000e+00   1.0000000e+00
   1.0340062e+02   2.7836969e+01  -5.7528943e+01   1.0000000e+00   1.0000000e+00
  -1.4622894e+02   3.9492087e+01   1.7436545e+02   1.0000000e+00   1.0000000e+00
  -3.0903421e+01   3.4902064e+01   8.5082632e+00   1.0000000e+00   1.0000000e+00
   1.0205589e+02   2.5737824e+01  -1.4174035e+02   1.0000000e+00   1.0000000e+00
  -1.3218122e+02   3.4203132e+01   1.6431788e+02   1.0000000e+00   1.0000000e+00
   4.5899405e+01   2.0440269e+01  -2.9760196e+01   1.0000000e+00   1.0000000e+00
   5.3930378e+01   6.0872402e+01  -5.9797740e+01   1.0000000e+00   1.0000000e+00
  -1.2787524e+02   3.5908728e+01   7.7928834e+01   1.0000000e+00   1.0000000e+00
   9.3760576e+01   2.6164278e+01  -1.3829289e+02   1.0000000e+00   1.0000000e+00
  -7.2205878e+01   2.9394697e+01   3.3348427e+01   1.0000000e+00   1.0000000e+00
  -4.8459572e+01   2.0815536e+01   2.6592908e+01   1.0000000e+00   1.0000000e+00
  -1.2504459e+02   1.8767228e+01   1.2511815e+02   1.0000000e+00   1.0000000e+00
  -5.7286932e+01   2.2263500e+01   4.0995897e+01   1.0000000e+00   1.0000000e+00
  -8.2298667e+01   2.6110957e+01   1.2409952e+02   1.0000000e+00   1.0000000e+00
  -2.7057071e+01   4.7411881e+01  -2.1121665e+00   1.0000000e+00   1.0000000e+00
   1.7181758e+02   2.4844921e+01  -1.7407420e+02   1.0000000e+00   1.0000000e+00
  -8.1386182e+01   2.4196716e+01   7.0036359e+01   1.0000000e+00   1.0000000e+00
  -1.0118899e+02   1.2651305e+01   1.0267669e+02   1.0000000e+00   1.0000000e+00
  -6.4011941e+01   2.7301199e+01   2.8867565e+01   1.0000000e+00   1.0000000e+00
   1.3758744e+02   3.5100655e+01  -1.6795460e+02   1.0000000e+00   1.0000000e+00
   1.2890970e+02   7.2760783e+01  -1.1630752e+02   1.0000000e+00   1.0000000e+00
  -3.2484938e+00   1.0884172e+01   9.3375409e+00   1.0000000e+00   1.0000000e+00
  -8.0299598e+01   2.5379206e+01   4.7829926e+01   1.0000000e+00   1.0000000e+00
  -2.3561253e+01   3.0375523e+01   8.3127561e+00   1.0000000e+00   1.0000000e+00
  -8.7213103e+01   2.2880609e+01   9.2083750e+01   1.0000000e+00   1.0000000e+00
  -1.1600005e+02   2.6980234e+01   1.4952505e+02   1.0000000e+00   1.0000000e+00
  -4.0847955e+01   4.2454454e+01   2.9164152e+00   1.0000000e+00   1.0000000e+00
   9.2402166e+01   1.3593275e+01  -8.2706816e+01   1.0000000e+00   1.0000000e+00
  -1.1042335e+02   1.8919141e+01   1.3671745e+02   1.0000000e+00   1.0000000e+00
   6.5787890e+01   2.7688784e+01  -2.8595195e+01   1.0000000e+00   1.0000000e+00
   1.3774148e+02   4.1772838e+01  -8.6658354e+01   1.0000000e+00   1.0000000e+00
   6.5501783e+01   2.2835959e+01  -3.3607473e+01   1.0000000e+00   1.0000000e+00
   6.8718311e+01   2.8800362e+01  -3.1969356e+01   1.0000000e+00   1.0000000e+00
   1.4126515e+02   2.1528958e+01  -1.5787468e+02   1.0000000e+00   1.0000000e+00
  -1.3864337e+02   9.8786779e+00   1.4243501e+02   1.0000000e+00   1.0000000e+00
   4.3322973e+01   3.2835350e+01  -1.5591463e+01   1.0000000e+00   1.0000000e+00
   5.1751689e+01   3.2788641e+01  -1.6482713e+01   1.0000000e+00   1.0000000e+00
   1.1959564e+02   5.6191832e+01  -1.1115777e+02   1.0000000e+00   1.0000000e+00
  -4.4114785e+01   2.1731617e+01   2.5279830e+01   1.0000000e+00   1.0000000e+00
  -1.1490438e+01   3.7864394e+01   1.4029530e+00   1.0000000e+00   1.0000000e+00
   2.5383420e+01   3.4818679e+01  -6.4556995e+00   1.0000000e+00   1.0000000e+00
  -9.9278044e+01   2.3355400e+01   1.3397169e+02   1.0000000e+00   1.0000000e+00
   4.9010577e+01   7.0020560e+01  -6.5767287e+01   1.0000000e+00   1.0000000e+00
  -1.2467678e+02   2.8872636e+01   1.5734266e+02   1.0000000e+00   1.0000000e+00
  -4.0823028e+01   4.2435952e+01   2.8621149e+00   1.0000000e+00   1.0000000e+00
   6.4767709e+01   2.7396646e+01  -2.8851031e+01   1.0000000e+00   1.0000000e+00
   1.6084828e+02   1.9210227e+01  -1.6749944e+02   1.0000000e+00   1.0000000e+00
   3.8105597e+01   1.9960501e+01  -2.4925627e+01   1.0000000e+00   1.0000000e+00
   1.1665715e+02   2.9179129e+01  -1.5291676e+02   1.0000000e+00   1.0000000e+00
   1.3620475e+02   3.6919574e+01  -1.7152505e+02   1.0000000e+00   1.0000000e+00
  -9.1231536e+01   1.0850757e+01   9.5854927e+01   1.0000000e+00   1.0000000e+00
   1.0399917e+02   3.5495824e+01  -1.2109380e+02   1.0000000e+00   1.0000000e+00
  -1.5153503e+02   3.6892354e+01   1.7403291e+02   1.0000000e+00   1.0000000e+00
   1.1599514e+02   2.8138450e+01  -1.5128716e+02   1.0000000e+00   1.0000000e+00
  -9.8907400e+01   2.5907383e+01   1.3175634e+02   1.0000000e+00   1.0000000e+00
  -3.5327014e+01   3.9477719e+01   5.5090833e+00   1.0000000e+00   1.0000000e+00
  -1.0879680e+02   2.8426758e+01   5.9019549e+01   1.0000000e+00   1.0000000e+00
  -4.4391009e+01   7.1712406e+01   6.8103832e+01   1.0000000e+00   1.0000000e+00
   4.9085297e+01   7.7826451e+01  -6.0433760e+01   1.0000000e+00   1.0000000e+00
  -1.0768428e+02   2.6791582e+01   1.4470970e+02   1.0000000e+00   1.0000000e+00
  -1.3484209e+02   7.0834546e+01   1.1237430e+02   1.0000000e+00   1.0000000e+00
  -9.5408356e+01   2.7237758e+01   5.0172152e+01   1.0000000e+00   1.0000000e+00
  -2.4912297e+01   2.7658155e+01   1.0780497e+01   1.0000000e+00   1.0000000e+00
  -1.2513808e+02   5.5151512e+01   1.0526378e+02   1.0000000e+00   1.0000000e+00
  -5.1390992e+01   3.9772389e+01   9.5652261e+01   1.0000000e+00   1.0000000e+00
   4.9249899e+01   2.6789599e+01  -2.0736449e+01   1.0000000e+00   1.0000000e+00
   1.2766980e+02   4.8192680e+01  -9.6359356e+01   1.0000000e+00   1.0000000e+00
  -5.9837445e+01   3.9133984e+01   3.4363884e+01   1.0000000e+00   1.0000000e+00
   1.1211834e+02   2.6966496e+01  -1.4867643e+02   1.0000000e+00   1.0000000e+00
   1.5537413e+01   4.5730263e+01  -1.6651230e-01   1.0000000e+00   1.0000000e+00
  -4.0333950e+01   6.8481662e+01   7.0404865e+01   1.0000000e+00   1.0000000e+00
   4.2002058e+01   7.1637044e+01  -6.7212797e+01   1.0000000e+00   1.0000000e+00
  -5.2803852e+01   3.2174047e+01   1.7843876e+01   1.0000000e+00   1.0000000e+00
   7.7689833e+01   2.5113667e+01  -3.6802761e+01   1.0000000e+00   1.0000000e+00
  -1.3060633e+02   2.9862912e+01   1.6101165e+02   1.0000000e+00   1.0000000e+00
  -1.0505947e+02   1.1674827e+01   1.0745820e+02   1.0000000e+00   1.0000000e+00
   6.1161323e+01   3.0492661e+01  -1.1352154e+02   1.0000000e+00   1.0000000e+00
   1.2716011e+02   3.8986083e+01  -8.3224779e+01   1.0000000e+00   1.0000000e+00
  -6.7960796e+01   2.8533554e+01   2.8608623e+01   1.0000000e+00   1.0000000e+00
   8.3927548e+01   2.6541799e+01  -4.4646454e+01   1.0000000e+00   1.0000000e+00
   6.5242324e+01   3.1120708e+01  -3.4342681e+01   1.0000000e+00   1.0000000e+00
  -1.7282355e+02   3.9570137e+01   1.7916735e+02   1.0000000e+00   1.0000000e+00
  -4.0549977e+01   5.1212164e+01   8.2404073e+01   1.0000000e+00   1.0000000e+00
   3.8046322e+01   4.4937654e+01   5.3254558e-01   1.0000000e+00   1.0000000e+00
   2.2954004e+01   2.5370759e+01  -1.1840556e+01   1.0000000e+00   1.0000000e+00
  -1.2054648e+02   2.9526982e+01   1.5700093e+02   1.0000000e+00   1.0000000e+00
  -5.9074846e+01   3.0419999e+01   2.5056825e+01   1.0000000e+00   1.0000000e+00
  -9.3683661e+01   6.0279633e+00   9.6070708e+01   1.0000000e+00   1.0000000e+00
   1.5985890e+02   5.9524889e+01   1.6972604e+02   1.0000000e+00   1.0000000e+00
   8.6367319e+01   2.4116868e+01  -5.0170208e+01   1.0000000e+00   1.0000000e+00
   1.3021399e+02   3.3411553e+00  -1.3143954e+02   1.0000000e+00   1.0000000e+00
  -1.1399796e+02   3.4637430e+01   7.3197469e+01   1.0000000e+00   1.0000000e+00
  -1.3620646e+02   3.4922740e+01   1.6921492e+02   1.0000000e+00   1.0000000e+00
   1.2617575e+02   3.1628369e+01  -1.6017852e+02   1.0000000e+00   1.0000000e+00
   1.2686741e+02   8.4485923e+00  -1.3858770e+02   1.0000000e+00   1.0000000e+00
  -1.5577058e+02   3.4217668e+01   1.6983220e+02   1.0000000e+00   1.0000000e+00
   8.6258305e+01   2.4104518e+01  -1.3308267e+02   1.0000000e+00   1.0000000e+00
  -6.1243085e+01   2.5421186e+01   3.0689882e+01   1.0000000e+00   1.0000000e+00
  -1.3956461e+02   3.5279030e+01   1.6911393e+02   1.0000000e+00   1.0000000e+00
   1.2344016e+02   2.9115848e+01  -1.5688654e+02   1.0000000e+00   1.0000000e+00
   1.7572206e+02   1.7364538e+01  -1.7920066e+02   1.0000000e+00   1.0000000e+00
  -9.4857620e+01   2.5438812e+01   5.2862470e+01   1.0000000e+00   1.0000000e+00
   5.2292504e+01   3.4026059e+01  -1.0540613e+02   1.0000000e+00   1.0000000e+00
   7.6149412e+01   2.7756774e+01  -7.2265119e+01   1.0000000e+00   1.0000000e+00
  -4.9583470e+01   3.1457045e+01   1.6954685e+01   1.0000000e+00   1.0000000e+00
  -1.1077768e+02   3.0670315e+01   6.4589252e+01   1.0000000e+00   1.0000000e+00
   8.8370649e+01   2.7499374e+01  -1.3185052e+02   1.0000000e+00   1.0000000e+00
  -1.5921140e+02   3.3873109e+01   1.7462346e+02   1.0000000e+00   1.0000000e+00
   6.8715468e+01   2.7418269e+01  -3.1605960e+01   1.0000000e+00   1.0000000e+00
   1.3933293e+02   4.0586975e+01  -1.6796983e+02   1.0000000e+00   1.0000000e+00
   2.2734432e+01   4.2621272e+01  -1.4551867e+00   1.0000000e+00   1.0000000e+00
   4.9233319e+01   3.3002882e+01  -1.5353962e+01   1.0000000e+00   1.0000000e+00
   7.0405737e+01   4.7280934e+01  -8.6685017e+01   1.0000000e+00   1.0000000e+00
   8.3198939e+01   2.5341360e+01  -4.2424048e+01   1.0000000e+00   1.0000000e+00
   1.3708138e+02   7.0468258e+01  -1.1224067e+02   1.0000000e+00   1.0000000e+00
  -4.7883912e+01   3.3037621e+01   1.5745564e+01   1.0000000e+00   1.0000000e+00
  -1.2337227e+02   2.5968640e+01   1.5097911e+02   1.0000000e+00   1.0000000e+00
  -1.7091587e+02   4.5475297e+01  -1.7995373e+02   1.0000000e+00   1.0000000e+00
   4.8855439e+01   3.3097844e+01  -1.7480977e+01   1.0000000e+00   1.0000000e+00
   9.9039995e+01   2.8104867e+01  -6.2334617e+01   1.0000000e+00   1.0000000e+00
   1.4940006e+02   4.4202545e+01   1.7803599e+02   1.0000000e+00   1.0000000e+00
  -4.5060004e+00   4.3332162e+01   6.1188296e-02   1.0000000e+00   1.0000000e+00
  -1.6104789e+02   4.3495573e+01   1.7937748e+02   1.0000000e+00   1.0000000e+00
  -1.4498391e+02   4.1541897e+01   1.7846804e+02   1.0000000e+00   1.0000000e+00
  -1.1035076e+02   2.9408183e+01   6.6032117e+01   1.0000000e+00   1.0000000e+00
   7.0905636e+01   2.9711829e+01  -1.1936044e+02   1.0000000e+00   1.0000000e+00
   3.6393699e+01   3.6407808e+01  -9.6453257e+00   1.0000000e+00   1.0000000e+00
  -1.6948362e+02   4.5675439e+01  -1.7983808e+02   1.0000000e+00   1.0000000e+00
   8.7968945e+01   2.9645783e+01  -9.8060827e+01   1.0000000e+00   1.0000000e+00
  -8.8386498e+01   2.5827188e+01   8.3565698e+01   1.0000000e+00   1.0000000e+00
   4.3549188e+01   7.2644467e+01  -6.7120963e+01   1.0000000e+00   1.0000000e+00
  -1.0014422e+02   2.2172272e+01   1.2622231e+02   1.0000000e+00   1.0000000e+00
  -1.0605142e+02   3.0471834e+01   1.2868896e+02   1.0000000e+00   1.0000000e+00
   1.1175691e+02   6.5886190e+01  -1.1097461e+02   1.0000000e+00   1.0000000e+00
   1.6740809e+02   3.8208731e+01  -1.7832320e+02   1.0000000e+00   1.0000000e+00
   5.6684159e+01   3.3186488e+01  -2.0145592e+01   1.0000000e+00   1.0000000e+00
   1.0961738e+02   2.7730725e+01  -1.4791252e+02   1.0000000e+00   1.0000000e+00
  -1.0135981e+02   3.0533103e+01   6.8989019e+01   1.0000000e+00   1.0000000e+00
   1.1665438e+02   2.3175863e+01  -1.5003149e+02   1.0000000e+00   1.0000000e+00
  -6.6698254e+01   2.6660151e+01   3.1841749e+01   1.0000000e+00   1.0000000e+00
   1.0825603e+02   2.9332012e+01  -6.0735169e+01   1.0000000e+00   1.0000000e+00
  -6.5980876e+01   1.7398278e+01   7.5296005e+01   1.0000000e+00   1.0000000e+00
   1.7844760e+02   4.6092715e+01  -1.4854723e+02   1.0000000e+00   1.0000000e+00
   7.2507212e+01   2.8193522e+01  -3.2783659e+01   1.0000000e+00   1.0000000e+00
   1.2326831e+02   3.0497095e+01  -1.5906897e+02   1.0000000e+00   1.0000000e+00
   9.7108816e+01   2.7673418e+01  -5.1449810e+01   1.0000000e+00   1.0000000e+00
   5.0758154e+01   5.0725139e+01  -8.3052883e+01   1.0000000e+00   1.0000000e+00
  -3.3855707e+01   5.7580279e+01   7.5817769e+01   1.0000000e+00   1.0000000e+00
  -1.6766175e+02   1.3352050e+01   1.6752411e+02   1.0000000e+00   1.0000000e+00
  -1.2946295e+02   3.0609582e+01   1.5225056e+02   1.0000000e+00   1.0000000e+00
   8.6239882e+00   4.3860163e+01  -1.2085855e-01   1.0000000e+00   1.0000000e+00
  -4.6552626e+01   3.6274592e+01   1.0917059e+01   1.0000000e+00   1.0000000e+00
  -1.2095846e+02   1.3181346e+01   1.3433211e+02   1.0000000e+00   1.0000000e+00
   2.9021426e+00   3.8292278e+01  -1.9120603e-01   1.0000000e+00   1.0000000e+00
   1.6477982e+02   4.4092683e+01   1.7997565e+02   1.0000000e+00   1.0000000e+00
  -1.2621924e+02   3.1810365e+01   1.6030788e+02   1.0000000e+00   1.0000000e+00
  -1.0025507e+02   2.8946363e+01   1.4237915e+02   1.0000000e+00   1.0000000e+00
   1.3225596e+02   7.3614890e+01  -1.1851238e+02   1.0000000e+00   1.0000000e+00
   5.9661272e+01   3.8470146e+01  -9.8142671e+01   1.0000000e+00   1.0000000e+00
  -5.0517407e+01   3.3914617e+01   1.6199392e+01   1.0000000e+00   1.0000000e+00
  -8.2646066e+01   2.2170060e+01   4.5012070e+01   1.0000000e+00   1.0000000e+00
  -1.0848745e+02   3.6710585e+01   1.2454956e+02   1.0000000e+00   1.0000000e+00
  -6.4597811e+01   2.8203014e+01   2.6733329e+01   1.0000000e+00   1.0000000e+00
  -7.8824371e+01   3.0095141e+01   1.1472962e+02   1.0000000e+00   1.0000000e+00
   9.2421586e+00   4.4369508e+01  -8.1814566e-02   1.0000000e+00   1.0000000e+00
   6.2745348e+01   3.1206531e+01  -2.5817816e+01   1.0000000e+00   1.0000000e+00
   4.2945907e+01   1.1180517e+01  -4.0755273e+01   1.0000000e+00   1.0000000e+00
   5.7726167e+01   1.5415054e+01  -3.9713913e+01   1.0000000e+00   1.0000000e+00
  -1.0860358e+02   2.6920650e+01   1.4616546e+02   1.0000000e+00   1.0000000e+00
  -4.5210694e+01   3.8543040e+01   7.9775840e+00   1.0000000e+00   1.0000000e+00
  -1.2082040e+02   3.1167035e+01   1.3969842e+02   1.0000000e+00   1.0000000e+00
  -7.3069404e+01   2.8587138e+01   3.2312745e+01   1.0000000e+00   1.0000000e+00
  -1.1585539e+02   1.3220525e+01   1.2841702e+02   1.0000000e+00   1.0000000e+00
  -5.1236714e+01   7.0349458e+01   6.7221378e+01   1.0000000e+00   1.0000000e+00
   1.2938881e+02   5.7650884e+01  -1.3078011e+02   1.0000000e+00   1.0000000e+00
  -1.4438517e+02   6.3549973e+01   1.0783493e+02   1.0000000e+00   1.0000000e+00
   4.3192272e+01   6.0508526e+01  -6.3946974e+01   1.0000000e+00   1.0000000e+00
   5.6883675e+01   2.7989639e+01  -2.5520891e+01   1.0000000e+00   1.0000000e+00
  -3.1177248e+01   3.3549567e+01   1.0060360e+01   1.0000000e+00   1.0000000e+00
   9.9332270e+01   2.7045779e+01  -1.4022389e+02   1.0000000e+00   1.0000000e+00
   5.5618750e+01   3.1175138e+01  -2.0680654e+01   1.0000000e+00   1.0000000e+00
   5.7359728e+01   3.1467757e+01  -2.0873122e+01   1.0000000e+00   1.0000000e+00
   8.8288260e+01   2.6072795e+01  -4.5165173e+01   1.0000000e+00   1.0000000e+00
  -4.1249245e+01   3.5161096e+01   1.1480917e+01   1.0000000e+00   1.0000000e+00
   1.0808136e+02   3.2175444e+01  -1.1665242e+02   1.0000000e+00   1.0000000e+00
  -4.9284952e+01   2.9819364e+01   1.9190779e+01   1.0000000e+00   1.0000000e+00
   1.7752328e+02   3.5737360e+01  -1.7875707e+02   1.0000000e+00   1.0000000e+00
   8.2802709e+00   3.9763024e+01  -5.3922709e-01   1.0000000e+00   1.0000000e+00
   1.7169799e+02   4.0851587e+01  -1.7982905e+02   1.0000000e+00   1.0000000e+00
  -1.1418589e+02   4.2883308e+01   1.1365220e+02   1.0000000e+00   1.0000000e+00
   4.6337129e+01   4.9688778e+01  -8.3006231e+01   1.0000000e+00   1.0000000e+00
   5.9686370e+01   4.2304161e+01  -8.9598798e+01   1.0000000e+00   1.0000000e+00
   1.2233371e+02   4.8754314e+01  -1.0678541e+02   1.0000000e+00   1.0000000e+00
  -1.4304541e+02   3.9914358e+01   1.7476900e+02   1.0000000e+00   1.0000000e+00
   1.0715029e+02   2.8657594e+01  -1.4804033e+02   1.0000000e+00   1.0000000e+00
   1.0484996e+02   2.8771017e+01  -9.1232526e+01   1.0000000e+00   1.0000000e+00
  -1.0487379e+02   2.7016775e+01   1.4224761e+02   1.0000000e+00   1.0000000e+00
  -6.3569724e+01   2.8710895e+01   2.6686308e+01   1.0000000e+00   1.0000000e+00
   9.3020268e+01   2.6668206e+01  -4.9361837e+01   1.0000000e+00   1.0000000e+00
  -1.5202375e+02   3.6821223e+01   1.7427349e+02   1.0000000e+00   1.0000000e+00
  -1.1201640e+02   3.3361526e+01   7.2267791e+01   1.0000000e+00   1.0000000e+00
   5.5302051e+00   2.6591389e+01  -2.0565193e+00   1.0000000e+00   1.0000000e+00
  -1.4055856e+02   3.6804561e+01   1.6982166e+02   1.0000000e+00   1.0000000e+00
  -1.3804628e+02   4.0029912e+01   8.5183426e+01   1.0000000e+00   1.0000000e+00
   6.2282448e+01   3.9563198e+01  -9.3339924e+01   1.0000000e+00   1.0000000e+00
  -1.2868796e+02   3.5803283e+01   7.7574292e+01   1.0000000e+00   1.0000000e+00
   3.3743237e+01   5.9067035e+01  -7.8410788e+01   1.0000000e+00   1.0000000e+00
   2.4684109e+01   5.0591549e+01   4.5471218e+00   1.0000000e+00   1.0000000e+00
   1.3250281e+02   3.4455807e+01  -1.6627168e+02   1.0000000e+00   1.0000000e+00
  -1.3565330e+02   2.6758223e+01   1.6071529e+02   1.0000000e+00   1.0000000e+00
  -1.1768519e+02   3.0434581e+01   1.5493543e+02   1.0000000e+00   1.0000000e+00
   1.2322049e+02   3.1436484e+01  -1.5938292e+02   1.0000000e+00   1.0000000e+00
  -9.9901123e+01   2.4838921e+01   1.3279311e+02   1.0000000e+00   1.0000000e+00
  -8.3890204e+00   6.0388740e+00   2.4782806e+01   1.0000000e+00   1.0000000e+00
  -4.2635590e+01   6.7987530e+01   6.8449833e+01   1.0000000e+00   1.0000000e+00
  -1.0336722e+02   2.7729364e+01   1.4327182e+02   1.0000000e+00   1.0000000e+00
  -8.5975497e+01   2.5540843e+01   1.2668112e+02   1.0000000e+00   1.0000000e+00
   1.3459051e+02   3.2661793e+01  -1.6460640e+02   1.0000000e+00   1.0000000e+00
  -2.1728848e+01   5.5371585e+01  -1.3005613e+01   1.0000000e+00   1.0000000e+00
   1.0837976e+02   2.7277190e+01  -1.4463161e+02   1.0000000e+00   1.0000000e+00
   5.9215126e+01   3.4426043e+01  -1.0304967e+02   1.0000000e+00   1.0000000e+00
   8.0247792e+01   2.7425841e+01  -3.8405134e+01   1.0000000e+00   1.0000000e+00
   6.1965971e+01   1.5948703e+01  -4.0699868e+01   1.0000000e+00   1.0000000e+00
  -2.2430043e+01   4.9866136e+01  -3.6442338e+00   1.0000000e+00   1.0000000e+00
   2.9678926e+01   5.5488696e+01  -7.8350153e+01   1.0000000e+00   1.0000000e+00
  -8.1121342e+01   2.8467044e+01   1.2702839e+02   1.0000000e+00   1.0000000e+00
   1.2669836e+02   7.3044810e+01  -1.1765185e+02   1.0000000e+00   1.0000000e+00
  -1.3107831e+02   3.6192230e+01   7.8631009e+01   1.0000000e+00   1.0000000e+00
  -4.0097575e+01   3.1328821e+01   1.7350032e+01   1.0000000e+00   1.0000000e+00
  -8.5728442e+01   2.6126506e+01   1.3168842e+02   1.0000000e+00   1.0000000e+00
  -1.3910398e+01   4.6735187e+01  -4.8343800e-01   1.0000000e+00   1.0000000e+00
   4.3653597e+01   2.9837416e+01  -1.6038636e+01   1.0000000e+00   1.0000000e+00
  -1.3898592e+02   3.1729486e+01   1.6571118e+02   1.0000000e+00   1.0000000e+00
  -1.3256571e+02   2.9513599e+01   1.6142653e+02   1.0000000e+00   1.0000000e+00
   1.7704680e+02   1.7306683e+01   1.7640335e+02   1.0000000e+00   1.0000000e+00
   6.7082093e+01   2.9471055e+01  -2.8059747e+01   1.0000000e+00   1.0000000e+00
  -4.7854539e+01   3.1604034e+01   1.6540889e+01   1.0000000e+00   1.0000000e+00
   4.5831722e+01   3.2786756e+01  -1.5224245e+01   1.0000000e+00   1.0000000e+00
   4.3050900e+01   3.2458908e+01  -1.4083614e+01   1.0000000e+00   1.0000000e+00
  -4.7839873e+01   6.2584873e+01   6.9219141e+01   1.0000000e+00   1.0000000e+00
   6.5261361e+01   2.9705814e+01  -2.7169901e+01   1.0000000e+00   1.0000000e+00
   1.6212970e+02   3.3127620e+01  -1.7452094e+02   1.0000000e+00   1.0000000e+00
   9.1444751e+01   2.7429072e+01  -6.6449922e+01   1.0000000e+00   1.0000000e+00
   3.9026498e+01   6.7711062e+01  -7.0945151e+01   1.0000000e+00   1.0000000e+00
  -7.2087846e+01   3.2006210e+01   4.0656544e+01   1.0000000e+00   1.0000000e+00
  -4.5337190e+00   2.7982509e+01   9.7525512e-01   1.0000000e+00   1.0000000e+00
  -7.6733435e+01   9.6702854e+00   7.8822684e+01   1.0000000e+00   1.0000000e+00
   5.0094174e+01   4.2284625e+01  -9.1390834e+01   1.0000000e+00   1.0000000e+00
  -1.0913892e+02   3.0721037e+01   6.2788392e+01   1.0000000e+00   1.0000000e+00
  -4.0601306e+01   5.2309079e+01   8.1412896e+01   1.0000000e+00   1.0000000e+00
   7.1229768e+01   2.8643381e+01  -3.1611473e+01   1.0000000e+00   1.0000000e+00
  -1.1297777e+02   2.9694358e+01   6.3386987e+01   1.0000000e+00   1.0000000e+00
  -5.3133084e+00   4.1328266e+01   3.5454493e-01   1.0000000e+00   1.0000000e+00
  -1.0345677e+02   2.7867798e+01   1.4465140e+02   1.0000000e+00   1.0000000e+00
  -7.5556457e+01   2.6228614e+01   1.2471290e+02   1.0000000e+00   1.0000000e+00
  -2.7944659e+01   3.6756332e+01   3.9295506e+00   1.0000000e+00   1.0000000e+00
   9.9722418e+01   2.7422519e+01  -5.3421615e+01   1.0000000e+00   1.0000000e+00
   4.0713936e+01   4.3803810e+01  -8.9674271e+01   1.0000000e+00   1.0000000e+00
  -1.4663153e+01   4.7974367e+01  -7.9661087e-01   1.0000000e+00   1.0000000e+00
  -1.7112911e+02   3.7054976e+01  -1.7987670e+02   1.0000000e+00   1.0000000e+00
  -3.2754582e+01   5.2380861e+01  -7.3383550e+00   1.0000000e+00   1.0000000e+00
  -6.4051187e+01   2.7820955e+01   2.7551793e+01   1.0000000e+00   1.0000000e+00
   9.0401846e+01   2.6889073e+01  -4.6102698e+01   1.0000000e+00   1.0000000e+00
   4.1776983e+01   3.6998703e+01  -9.8233031e+01   1.0000000e+00   1.0000000e+00
  -5.5318422e+01   5.1540129e+01   5.5334490e+01   1.0000000e+00   1.0000000e+00
  -9.7019359e+01   2.5248988e+01   1.3590267e+02   1.0000000e+00   1.0000000e+00
   1.1771873e+02   2.8692375e+01  -8.3186495e+01   1.0000000e+00   1.0000000e+00
   3.3138913e+01   3.0321372e+01  -9.8452651e+00   1.0000000e+00   1.0000000e+00
  -1.2594349e+02   2.9843705e+01   1.5851896e+02   1.0000000e+00   1.0000000e+00
  -8.7877633e+01   2.7655053e+01   4.3405807e+01   1.0000000e+00   1.0000000e+00
   3.1296199e+01   3.2975593e+01  -1.0309170e+01   1.0000000e+00   1.0000000e+00
  -4.5612733e+01   3.4690843e+01   1.3292469e+01   1.0000000e+00   1.0000000e+00
   1.3675362e+02   5.2891563e+01  -9.9769093e+01   1.0000000e+00   1.0000000e+00
   1.0415366e+02   2.4105357e+01  -1.3406330e+02   1.0000000e+00   1.0000000e+00
   1.2447522e+02   6.5797479e+00  -1.2141688e+02   1.0000000e+00   1.0000000e+00
   1.6772420e+02   4.4778681e+01   1.7995620e+02   1.0000000e+00   1.0000000e+00
   5.6027386e+01   6.0937389e+01  -6.9969150e+01   1.0000000e+00   1.0000000e+00
   1.0156540e+01   4.5767282e+01   1.0438115e-01   1.0000000e+00   1.0000000e+00
   1.7455588e+02   1.9245265e+01  -1.7562964e+02   1.0000000e+00   1.0000000e+00
   7.1511213e+01   2.8049935e+01  -3.8640621e+01   1.0000000e+00   1.0000000e+00
  -1.1474686e+02   2.7578567e+01   1.5034252e+02   1.0000000e+00   1.0000000e+00
   4.9730948e+01   3.1415831e+01  -1.6856579e+01   1.0000000e+00   1.0000000e+00
  -6.9597063e+01   2.8218106e+01   4.7115827e+01   1.0000000e+00   1.0000000e+00
  -8.9782168e+00   4.2490722e+01   1.3090856e-01   1.0000000e+00   1.0000000e+00
  -1.1300247e+02   2.8752114e+01   1.5057184e+02   1.0000000e+00   1.0000000e+00
   1.2792455e+02   6.3691266e+01  -1.1056293e+02   1.0000000e+00   1.0000000e+00
  -5.2348986e+01   3.1360130e+01   2.0976815e+01   1.0000000e+00   1.0000000e+00
  -3.6803890e+01   6.2605665e+01   7.4939158e+01   1.0000000e+00   1.0000000e+00
  -1.6953102e+02   3.1737799e+01   1.7801695e+02   1.0000000e+00   1.0000000e+00
  -9.2693735e+01   2.7110788e+01   1.3568046e+02   1.0000000e+00   1.0000000e+00
  -9.4619829e+01   2.7786264e+01   4.9527064e+01   1.0000000e+00   1.0000000e+00
   4.9213481e+01   5.8317897e+01  -7.1271388e+01   1.0000000e+00   1.0000000e+00
   1.4381465e+02   5.6385363e+01  -1.0093976e+02   1.0000000e+00   1.0000000e+00
  -8.7965945e+01   2.0082385e+01   8.1473370e+01   1.0000000e+00   1.0000000e+00
  -6.9437758e+01   2.1175623e+01   4.5248996e+01   1.0000000e+00   1.0000000e+00
  -5.4783604e+01   2.9679401e+01   2.1331980e+01   1.0000000e+00   1.0000000e+00
  -2.0860042e+01   4.5846110e+01  -4.6645984e-01   1.0000000e+00   1.0000000e+00
  -3.0742599e+01   4.2146101e+01   6.4385515e-02   1.0000000e+00   1.0000000e+00
  -1.3116992e+02   7.6455686e+01   1.1761889e+02   1.0000000e+00   1.0000000e+00
  -9.3068685e+01   2.7069236e+01   1.3515474e+02   1.0000000e+00   1.0000000e+00
   9.5731690e+01   3.0416981e+01  -1.0073939e+02   1.0000000e+00   1.0000000e+00
  -4.6694496e+01   3.4276664e+01   1.3264849e+01   1.0000000e+00   1.0000000e+00
   1.0570413e+02   2.7943289e+01  -1.4526779e+02   1.0000000e+00   1.0000000e+00
   4.7440343e+01   3.3263243e+01  -1.5221766e+01   1.0000000e+00   1.0000000e+00
  -9.5906237e+01   2.5923662e+01   1.3534434e+02   1.0000000e+00   1.0000000e+00
   1.2728181e+01   1.8971521e+01  -8.6996020e+00   1.0000000e+00   1.0000000e+00
   1.2018872e+02   5.4794843e+01  -1.1056011e+02   1.0000000e+00   1.0000000e+00
   8.7261388e+01   2.4958080e+01  -1.0993430e+02   1.0000000e+00   1.0000000e+00
   4.3356935e+01   3.3291937e+01  -1.3909602e+01   1.0000000e+00   1.0000000e+00
  -1.4735444e+02   5.7183158e+01   1.0038931e+02   1.0000000e+00   1.0000000e+00
  -1.0432336e+02   2.7694717e+01   1.4431125e+02   1.0000000e+00   1.0000000e+00
  -1.1012791e+02   7.9411479e+00   1.4750932e+02   1.0000000e+00   1.0000000e+00
   1.1457820e+02   2.8479596e+01  -1.5294047e+02   1.0000000e+00   1.0000000e+00
  -8.4293987e+01   2.6835017e+01   1.2423170e+02   1.0000000e+00   1.0000000e+00
   3.8377750e+01   3.2346596e+01  -1.6700640e+01   1.0000000e+00   1.0000000e+00
   1.4048992e+02   6.8966815e+01  -1.1254976e+02   1.0000000e+00   1.0000000e+00
   3.2674012e+01   3.4316329e+01  -9.1413810e+00   1.0000000e+00   1.0000000e+00
  -1.4823447e+02   6.0146674e+01   1.1704778e+02   1.0000000e+00   1.0000000e+00
   1.1027412e+02   2.9957506e+01  -1.5154759e+02   1.0000000e+00   1.0000000e+00
  -9.0323439e+01   2.5170082e+01   1.2693302e+02   1.0000000e+00   1.0000000e+00
  -1.6987082e+02   3.4251482e+01   1.7813800e+02   1.0000000e+00   1.0000000e+00
   1.6021148e+00   5.2382636e+01  -2.2708164e+00   1.0000000e+00   1.0000000e+00
  -1.7164670e+02   2.5494974e+01   1.7566359e+02   1.0000000e+00   1.0000000e+00
  -1.3103672e+02   6.6315835e+01   1.1202577e+02   1.0000000e+00   1.0000000e+00
  -5.7833035e+01   2.7768721e+01   2.4930011e+01   1.0000000e+00   1.0000000e+00
   4.9164257e+01   3.2175202e+01  -1.6935577e+01   1.0000000e+00   1.0000000e+00
   1.4287432e+02   5.2653087e+01  -9.7645907e+01   1.0000000e+00   1.0000000e+00
  -5.7630495e+01   2.7537436e+01   2.6513867e+01   1.0000000e+00   1.0000000e+00
  -6.8197239e+01   2.7566499e+01   3.0256333e+01   1.0000000e+00   1.0000000e+00
  -1.7463754e+02   2.9288737e+01   1.7834217e+02   1.0000000e+00   1.0000000e+00
  -5.2956519e+01   5.6034140e+01   7.1831363e+01   1.0000000e+00   1.0000000e+00
   6.7239501e+01   3.7619110e+01  -5.5712867e+01   1.0000000e+00   1.0000000e+00
  -1.5727384e+01   4.3665301e+01   4.4450659e-01   1.0000000e+00   1.0000000e+00
  -1.1081083e+02   2.6409610e+01   1.4750621e+02   1.0000000e+00   1.0000000e+00
   4.2546229e+01   3.0049646e+01  -1.5472590e+01   1.0000000e+00   1.0000000e+00
   7.2903544e+01   2.5127696e+01  -5.9323076e+01   1.0000000e+00   1.0000000e+00
   1.4496925e+02   3.5181984e+01  -1.6949323e+02   1.0000000e+00   1.0000000e+00
   1.0413251e+02   3.3337148e+01  -7.5189500e+01   1.0000000e+00   1.0000000e+00
   5.6736269e+01   2.9567288e+01  -2.2029020e+01   1.0000000e+00   1.0000000e+00
   1.7803831e+02   4.5381276e+01  -1.7990618e+02   1.0000000e+00   1.0000000e+00
  -3.7051393e+01   3.6821999e+01   9.2942262e+00   1.0000000e+00   1.0000000e+00
   1.6656835e+02   3.6008723e+01  -1.7747761e+02   1.0000000e+00   1.0000000e+00
  -4.1974234e+00   4.9418516e+01  -1.7667677e+00   1.0000000e+00   1.0000000e+00
  -1.6061369e+02   2.1375093e+01   1.6468645e+02   1.0000000e+00   1.0000000e+00
  -1.2133713e+02   3.3968729e+01   7.2625672e+01   1.0000000e+00   1.0000000e+00
  -9.5137870e+01   2.7257237e+01   1.3777452e+02   1.0000000e+00   1.0000000e+00
  -1.5383318e+02   9.6819078e+00   1.5999182e+02   1.0000000e+00   1.0000000e+00
  -4.7134746e+01   3.1841667e+01   1.6119069e+01   1.0000000e+00   1.0000000e+00
   1.3353232e+02   7.8609804e+01  -1.2211384e+02   1.0000000e+00   1.0000000e+00
   1.4627310e+02   3.8573845e+01  -1.7442382e+02   1.0000000e+00   1.0000000e+00
   2.2876894e+01   3.6283114e+01  -5.7535911e+00   1.0000000e+00   1.0000000e+00
   1.7311747e+02   3.7310585e+01  -1.7913132e+02   1.0000000e+00   1.0000000e+00
   3.3156111e+00   2.2327592e+01  -9.9755528e-01   1.0000000e+00   1.0000000e+00
   1.1761154e+02   4.1642404e+01  -1.2911466e+02   1.0000000e+00   1.0000000e+00
  -1.0316474e+02   2.4068846e+01   1.3723605e+02   1.0000000e+00   1.0000000e+00
  -5.2549429e+01   3.2692080e+01   1.7691544e+01   1.0000000e+00   1.0000000e+00
  -3.2523309e+01   3.3194005e+01   1.0550390e+01   1.0000000e+00   1.0000000e+00
   1.2422105e+02   1.2930771e+01  -1.2996466e+02   1.0000000e+00   1.0000000e+00
   5.5963064e+01   2.5780981e+01  -2.1418132e+01   1.0000000e+00   1.0000000e+00
  -1.1695176e+02   2.7846097e+01   1.5259853e+02   1.0000000e+00   1.0000000e+00
  -1.3339206e+01   3.0230623e+01   9.4026662e-01   1.0000000e+00   1.0000000e+00
  -5.9808771e+00   1.1417357e+01   1.3205301e+01   1.0000000e+00   1.0000000e+00
  -4.4813955e+01   3.3164658e+01   1.4794764e+01   1.0000000e+00   1.0000000e+00
  -3.8393226e+01   4.3964615e+01   5.2285898e-01   1.0000000e+00   1.0000000e+00
  -1.3982324e+02   6.7728246e+01   1.0909735e+02   1.0000000e+00   1.0000000e+00
   1.7614117e+02   4.3935697e+01   1.7994768e+02   1.0000000e+00   1.0000000e+00
  -6.2035931e+01   2.9507672e+01   2.4294046e+01   1.0000000e+00   1.0000000e+00
   5.4762775e+01   3.1520993e+01  -1.9849710e+01   1.0000000e+00   1.0000000e+00
  -1.2108720e+02   5.9141178e+01   1.1828982e+02   1.0000000e+00   1.0000000e+00
  -7.0597711e+01   3.0794439e+01   3.0843391e+01   1.0000000e+00   1.0000000e+00
   1.0304968e+02   2.8021763e+01  -1.4321000e+02   1.0000000e+00   1.0000000e+00
   5.5953251e+01   2.9201286e+01  -2.4073296e+01   1.0000000e+00   1.0000000e+00
  -1.8324108e+01   3.7514159e+01   2.5187702e+00   1.0000000e+00   1.0000000e+00
   9.1818776e+01   2.7101616e+01  -5.4424883e+01   1.0000000e+00   1.0000000e+00
  -7.0524300e+01   3.7144886e+01   4.4189354e+01   1.0000000e+00   1.0000000e+00
  -1.2745818e+02   6.0923069e+01   1.1263634e+02   1.0000000e+00   1.0000000e+00
   1.1096867e+02   3.0679275e+01  -6.6124719e+01   1.0000000e+00   1.0000000e+00
  -5.2265755e+01   3.2293061e+01   2.1559098e+01   1.0000000e+00   1.0000000e+00
   1.6388977e+01   1.9154976e+01  -2.5916241e+00   1.0000000e+00   1.0000000e+00
  -1.4184263e+02   5.1964873e+00   1.4859578e+02   1.0000000e+00   1.0000000e+00
   8.5616636e+01   2.4901735e+01  -1.0816560e+02   1.0000000e+00   1.0000000e+00
   3.6030037e+01   3.2790471e+01  -1.3768540e+01   1.0000000e+00   1.0000000e+00
  -8.0037357e+01   3.1217156e+01   1.0933710e+02   1.0000000e+00   1.0000000e+00
   5.9576098e+01   3.1958220e+01  -2.5659352e+01   1.0000000e+00   1.0000000e+00
  -1.0229505e+02   1.9798651e+01   1.2611912e+02   1.0000000e+00   1.0000000e+00
  -5.0793400e+01   6.5534444e+01   6.9549750e+01   1.0000000e+00   1.0000000e+00
  -1.2769069e+02   3.0149519e+01   1.5884752e+02   1.0000000e+00   1.0000000e+00
  -1.4811115e+02   4.5134389e+01  -1.7929353e+02   1.0000000e+00   1.0000000e+00
   8.7427051e+01   2.6297718e+01  -1.3044000e+02   1.0000000e+00   1.0000000e+00
  -3.7453218e+01   3.0606300e+01   1.3208229e+01   1.0000000e+00   1.0000000e+00
   1.0019165e+02   1.0397963e+01  -1.0555125e+02   1.0000000e+00   1.0000000e+00
   1.0651620e+02   2.4708593e+01  -1.4476192e+02   1.0000000e+00   1.0000000e+00
   1.0667849e+02   2.7720681e+01  -1.4674185e+02   1.0000000e+00   1.0000000e+00
  -1.1827566e+02   2.8833619e+01   1.5408167e+02   1.0000000e+00   1.0000000e+00
  -4.7252430e+01   2.0259801e+01   2.5914971e+01   1.0000000e+00   1.0000000e+00
   4.5482928e+01   6.7793904e+01  -6.8896599e+01   1.0000000e+00   1.0000000e+00
   4.5589822e+01   6.3728175e+01  -6.8148799e+01   1.0000000e+00   1.0000000e+00
   1.2162747e+02   4.5347314e+01  -1.2692581e+02   1.0000000e+00   1.0000000e+00
  -1.0082316e+02   2.7021618e+01   1.4251172e+02   1.0000000e+00   1.0000000e+00
   1.0073369e+02   2.8205114e+01  -1.4270568e+02   1.0000000e+00   1.0000000e+00
  -1.2669510e+02   3.5339430e+01   7.6044145e+01   1.0000000e+00   1.0000000e+00
  -1.4339485e+02   6.1416475e+00   1.5036708e+02   1.0000000e+00   1.0000000e+00
  -1.4248112e+02   6.2452013e+01   1.0512339e+02   1.0000000e+00   1.0000000e+00
  -1.0826886e+02   2.8235369e+01   5.9974700e+01   1.0000000e+00   1.0000000e+00
   1.1360649e+02   1.9300233e+01  -1.2194500e+02   1.0000000e+00   1.0000000e+00
  -1.7550443e+02   5.8027804e+01  -1.6240877e+02   1.0000000e+00   1.0000000e+00
  -1.3659051e+02   2.4136521e+01   1.5599443e+02   1.0000000e+00   1.0000000e+00
  -9.3730502e+01   2.5266150e+01   4.7772708e+01   1.0000000e+00   1.0000000e+00
   1.5578502e+02   3.2504669e+01  -1.7054644e+02   1.0000000e+00   1.0000000e+00
  -3.7106547e+01   4.4550735e+01   1.3503662e-01   1.0000000e+00   1.0000000e+00
   7.7136520e+01   2.7035284e+01  -3.7176469e+01   1.0000000e+00   1.0000000e+00
  -7.5282812e+01   2.6029285e+01   3.8852479e+01   1.0000000e+00   1.0000000e+00
  -8.6786285e+01   2.5634904e+01   5.1194216e+01   1.0000000e+00   1.0000000e+00
   7.7445810e+01   2.7367967e+01  -3.6210632e+01   1.0000000e+00   1.0000000e+00
  -1.1730687e+02   2.8003654e+01   1.5315358e+02   1.0000000e+00   1.0000000e+00
   1.2363769e+02   3.1361898e+01  -1.5922038e+02   1.0000000e+00   1.0000000e+00
   1.0971616e+02   2.9737699e+01  -1.4957434e+02   1.0000000e+00   1.0000000e+00
   1.4140738e+02   2.2546721e+01  -1.5631925e+02   1.0000000e+00   1.0000000e+00
   1.5371203e+01   3.8882339e+01  -1.7952603e+00   1.0000000e+00   1.0000000e+00
  -1.1128352e+02   2.4331666e+01   1.4220887e+02   1.0000000e+00   1.0000000e+00
  -4.3415408e+01   3.7756736e+01   9.3472522e+00   1.0000000e+00   1.0000000e+00
  -1.2766346e+02   3.3941549e+01   7.5245958e+01   1.0000000e+00   1.0000000e+00
   1.4942950e+02   6.1907753e+01  -1.1074094e+02   1.0000000e+00   1.0000000e+00
  -8.5629441e+01   2.6903196e+01   4.1970964e+01   1.0000000e+00   1.0000000e+00
   1.4638645e+02   5.7298570e+01  -1.0214471e+02   1.0000000e+00   1.0000000e+00
   1.4808698e+02   3.7186627e+01  -1.7312998e+02   1.0000000e+00   1.0000000e+00
   9.4001833e+01   2.8600939e+01  -1.0281107e+02   1.0000000e+00   1.0000000e+00
  -1.0028074e+02   2.3129720e+01   1.3292615e+02   1.0000000e+00   1.0000000e+00
  -7.9121880e+01   2.8020363e+01   1.2630996e+02   1.0000000e+00   1.0000000e+00
  -1.2432223e+02   3.4303692e+01   7.3953207e+01   1.0000000e+00   1.0000000e+00
  -5.8716475e+01   2.1297506e+01   3.1034490e+01   1.0000000e+00   1.0000000e+00
  -9.1943622e+01   2.6742558e+01   1.3606852e+02   1.0000000e+00   1.0000000e+00
  -1.5965600e+02   4.2363025e+01   1.7863665e+02   1.0000000e+00   1.0000000e+00
  -5.4501857e+01   3.7681926e+01   9.9811113e+01   1.0000000e+00   1.0000000e+00
  -8.9430457e+01   2.5715711e+01   6.0807382e+01   1.0000000e+00   1.0000000e+00
  -1.4272881e+02   5.3504801e+01   9.7412680e+01   1.0000000e+00   1.0000000e+00
  -2.3757946e+01   3.3417498e+01   7.2658230e+00   1.0000000e+00   1.0000000e+00
   5.1735861e+01   1.0367708e+01  -4.3352477e+01   1.0000000e+00   1.0000000e+00
  -7.1366287e+01   1.1845862e+01   6.4157820e+01   1.0000000e+00   1.0000000e+00
   1.1141716e+02   2.4574508e+01  -1.4389358e+02   1.0000000e+00   1.0000000e+00
  -1.2938088e+02   7.3231760e+01   1.1459859e+02   1.0000000e+00   1.0000000e+00
   8.8672437e+01   2.7048453e+01  -4.5319255e+01   1.0000000e+00   1.0000000e+00
   6.4362383e+01   2.6322421e+01  -3.1414617e+01   1.0000000e+00   1.0000000e+00
   1.1824169e+02   2.7124660e+01  -1.5262271e+02   1.0000000e+00   1.0000000e+00
  -7.1736357e+01   2.7868814e+01   3.1009800e+01   1.0000000e+00   1.0000000e+00
  -8.8072110e+01   2.6832015e+01   1.3254445e+02   1.0000000e+00   1.0000000e+00
   9.3521092e+01   2.6469238e+01  -1.3530506e+02   1.0000000e+00   1.0000000e+00
  -6.8286167e+00   4.2617492e+01   1.2160967e-01   1.0000000e+00   1.0000000e+00
  -9.2790020e+01   2.5902333e+01   1.3378783e+02   1.0000000e+00   1.0000000e+00
  -7.4781038e+01   2.7322567e+01   3.5622907e+01   1.0000000e+00   1.0000000e+00
  -9.2686641e+01   2.6625778e+01   4.8274406e+01   1.0000000e+00   1.0000000e+00
   9.1152661e+01   2.5382755e+01  -5.4421061e+01   1.0000000e+00   1.0000000e+00
   1.1540682e+02   2.8957582e+01  -1.5339324e+02   1.0000000e+00   1.0000000e+00
  -1.3375787e+02   3.2070462e+01   1.6410092e+02   1.0000000e+00   1.0000000e+00
  -8.5380891e+01   2.7298061e+01   4.1844765e+01   1.0000000e+00   1.0000000e+00
  -1.4170777e+02   4.4574336e+01   9.0731451e+01   1.0000000e+00   1.0000000e+00
  -5.1355896e+01   3.3156656e+01   1.6781421e+01   1.0000000e+00   1.0000000e+00
  -2.8164842e+01   4.7972474e+01  -3.5705404e+00   1.0000000e+00   1.0000000e+00
  -1.2202282e+02   3.2153978e+01   1.5671624e+02   1.0000000e+00   1.0000000e+00
  -1.0282831e+02   1.3656641e+01   8.5358029e+01   1.0000000e+00   1.0000000e+00
   1.2820620e+02   4.7088807e+01  -1.3926107e+02   1.0000000e+00   1.0000000e+00
  -1.1838702e+02   3.0088172e+01   6.7178613e+01   1.0000000e+00   1.0000000e+00
  -6.0143841e+01   3.0857864e+01   1.1195179e+02   1.0000000e+00   1.0000000e+00
  -1.5453332e+02   4.2941535e+01   1.7871900e+02   1.0000000e+00   1.0000000e+00
   5.8575587e+01   3.2019749e+01  -2.2820395e+01   1.0000000e+00   1.0000000e+00
   7.5794098e+01   1.2311283e+01  -6.8212918e+01   1.0000000e+00   1.0000000e+00
   1.2729154e+02   6.5200462e+01  -1.2093017e+02   1.0000000e+00   1.0000000e+00
   1.4447057e+02   5.0147072e+01  -9.4979069e+01   1.0000000e+00   1.0000000e+00
  -1.4775204e+02   4.2372879e+01   1.7647175e+02   1.0000000e+00   1.0000000e+00
   1.1895901e+02   3.1045280e+01  -1.5476903e+02   1.0000000e+00   1.0000000e+00
  -1.4235337e+02   2.0122154e+01   1.6560208e+02   1.0000000e+00   1.0000000e+00
  -5.7249625e+01   3.1580271e+01   2.1431545e+01   1.0000000e+00   1.0000000e+00
  -1.2355029e+02   3.1699183e+01   1.5857911e+02   1.0000000e+00   1.0000000e+00
   1.0253836e+02   2.9281304e+01  -5.6592848e+01   1.0000000e+00   1.0000000e+00
  -1.7879045e+02   4.1233953e+01   1.7981986e+02   1.0000000e+00   1.0000000e+00
   1.1779094e+02   2.0549453e+01  -1.1590128e+02   1.0000000e+00   1.0000000e+00
  -1.4078974e+02   4.6967690e+01  -1.7748920e+02   1.0000000e+00   1.0000000e+00
   1.2210352e+02   3.2974011e+01  -7.5552187e+01   1.0000000e+00   1.0000000e+00
   6.7793029e+00   3.3420806e+01  -8.9487899e-01   1.0000000e+00   1.0000000e+00
   5.3407398e+01   7.6423860e+01  -6.2990264e+01   1.0000000e+00   1.0000000e+00
  -5.2129753e+01   4.7961196e+01   8.5902214e+01   1.0000000e+00   1.0000000e+00
  -2.9411939e+01   4.1764013e+01   3.1654701e+00   1.0000000e+00   1.0000000e+00
  -2.4976398e+01   5.3259136e+01  -6.4029946e+00   1.0000000e+00   1.0000000e+00
  -1.3064632e+02   3.2468531e+01   1.6335650e+02   1.0000000e+00   1.0000000e+00
   5.8760482e+01   2.9408711e+01  -2.3602889e+01   1.0000000e+00   1.0000000e+00
   8.2822480e+01   2.7361674e+01  -1.2570960e+02   1.0000000e+00   1.0000000e+00
   8.7486534e+01   2.5737240e+01  -1.3199463e+02   1.0000000e+00   1.0000000e+00
  -6.1876702e+01   2.9380171e+01   2.6095331e+01   1.0000000e+00   1.0000000e+00
   3.2729004e+01   1.9430849e+01  -2.4757573e+01   1.0000000e+00   1.0000000e+00
  -1.6916369e+02   4.2192279e+01   1.7946374e+02   1.0000000e+00   1.0000000e+00
   1.3549653e+02   2.0709872e+01  -1.6071295e+02   1.0000000e+00   1.0000000e+00
  -1.3839350e+02   3.4316486e+01   1.6792478e+02   1.0000000e+00   1.0000000e+00
  -1.3195224e+02   4.0864220e+01   8.5200955e+01   1.0000000e+00   1.0000000e+00
   2.0422808e+01   3.9004043e+01  -2.6187232e+00   1.0000000e+00   1.0000000e+00
   1.0804467e+02   2.7723996e+01  -1.4934994e+02   1.0000000e+00   1.0000000e+00
   1.2758157e+02   2.7832553e+01  -1.5747991e+02   1.0000000e+00   1.0000000e+00
  -8.7075718e+01   3.2142626e+01   7.8493403e+01   1.0000000e+00   1.0000000e+00
  -1.1329169e+02   2.3740078e+01   1.4417048e+02   1.0000000e+00   1.0000000e+00
  -4.5475167e+01   4.9855998e+01   8.4455309e+01   1.0000000e+00   1.0000000e+00
  -3.1609074e+01   6.4669126e+01   6.7402832e+01   1.0000000e+00   1.0000000e+00
  -5.9736697e+01   3.0521959e+01   2.2304602e+01   1.0000000e+00   1.0000000e+00
   1.4154693e+02   5.4992731e+01  -1.0124001e+02   1.0000000e+00   1.0000000e+00
   7.0493772e+01   2.9506543e+01  -2.9119268e+01   1.0000000e+00   1.0000000e+00
  -1.5610770e+02   3.8775856e+01   1.7577441e+02   1.0000000e+00   1.0000000e+00
  -1.7315828e+02   2.6776814e+01   1.7847107e+02   1.0000000e+00   1.0000000e+00
   1.4898815e+02   2.3793787e+01  -1.6267108e+02   1.0000000e+00   1.0000000e+00
   1.2279082e+02   2.9807803e+01  -1.5675773e+02   1.0000000e+00   1.0000000e+00
  -7.5346582e+01   2.2326592e+01   4.3241942e+01   1.0000000e+00   1.0000000e+00
  -1.1174252e+02   2.9409693e+01   6.3189270e+01   1.0000000e+00   1.0000000e+00
   1.3007633e+02   3.2226986e+01  -1.6207777e+02   1.0000000e+00   1.0000000e+00
  -7.0426933e+01   2.9276983e+01   1.1839908e+02   1.0000000e+00   1.0000000e+00
   1.6892457e+02   4.1619357e+01  -1.7935318e+02   1.0000000e+00   1.0000000e+00
  -1.2561557e+02   1.4300732e+01   1.4016826e+02   1.0000000e+00   1.0000000e+00
  -3.4501991e+01   3.9187510e+01   8.5261743e+01   1.0000000e+00   1.0000000e+00
  -1.5277065e+02   8.6947346e+00   1.6534155e+02   1.0000000e+00   1.0000000e+00
  -5.3828035e+01   3.0595022e+01   2.0683746e+01   1.0000000e+00   1.0000000e+00
  -9.2064984e+01   2.6161492e+01   1.3588640e+02   1.0000000e+00   1.0000000e+00
   4.3597036e+01   4.6250583e+01  -8.8672467e+01   1.0000000e+00   1.0000000e+00
  -1.5224342e+02   4.3656327e+01   1.7879526e+02   1.0000000e+00   1.0000000e+00
   5.4165673e+01   5.9634092e+01  -6.6277667e+01   1.0000000e+00   1.0000000e+00
   1.3394337e+02   2.7233762e+01  -1.5981039e+02   1.0000000e+00   1.0000000e+00
  -5.4838914e+01   3.0993802e+01   1.9410404e+01   1.0000000e+00   1.0000000e+00
  -1.6221248e+02   2.0426501e+01   1.7049419e+02   1.0000000e+00   1.0000000e+00
  -8.0903850e+01   2.6933636e+01   3.9610742e+01   1.0000000e+00   1.0000000e+00
  -1.1778781e+02   2.9272266e+01   1.5473242e+02   1.0000000e+00   1.0000000e+00
   8.9278916e+01   2.1950930e+01  -8.5246114e+01   1.0000000e+00   1.0000000e+00
  -2.1714128e+01   2.9122061e+01   8.0270935e+00   1.0000000e+00   1.0000000e+00
  -1.5557184e+02   3.7406486e+01   1.7484100e+02   1.0000000e+00   1.0000000e+00
   6.1882746e+01   2.7045825e+01  -2.8911200e+01   1.0000000e+00   1.0000000e+00
   1.3677340e+02   3.4491820e+01  -1.6729692e+02   1.0000000e+00   1.0000000e+00
  -1.1471276e+02   2.7665990e+01   1.5112119e+02   1.0000000e+00   1.0000000e+00
  -6.0520646e+01   5.2382362e+01   6.6268040e+01   1.0000000e+00   1.0000000e+00
  -5.4992512e+01   1.3657785e+01   3.9998215e+01   1.0000000e+00   1.0000000e+00
  -9.6469267e+01   2.8208415e+01   6.9841798e+01   1.0000000e+00   1.0000000e+00
   1.8429479e+01   8.2163191e+00  -2.2589830e+01   1.0000000e+00   1.0000000e+00
  -6.9957785e+01   3.0107866e+01   1.1894169e+02   1.0000000e+00   1.0000000e+00
   1.1676021e+02   2.9655443e+01  -1.5418910e+02   1.0000000e+00   1.0000000e+00
   4.8749742e+01   7.1893866e+01  -6.6777815e+01   1.0000000e+00   1.0000000e+00
   6.4605627e+01   2.9531537e+01  -1.1532577e+02   1.0000000e+00   1.0000000e+00
  -5.8189874e+01   3.9251243e+01   9.5654145e+01   1.0000000e+00   1.0000000e+00
   6.0124944e+01   2.4966930e+01  -3.2560721e+01   1.0000000e+00   1.0000000e+00
  -4.5180077e+01   7.0191236e+01   6.7931278e+01   1.0000000e+00   1.0000000e+00
   8.6344414e+01   2.4254620e+01  -5.1767718e+01   1.0000000e+00   1.0000000e+00
   6.3953664e+01   5.1967101e+01  -6.3134092e+01   1.0000000e+00   1.0000000e+00
   4.6710163e+01   5.0750333e+00  -4.7530578e+01   1.0000000e+00   1.0000000e+00
  -1.2010417e+02   4.3208961e+01   1.1990163e+02   1.0000000e+00   1.0000000e+00
   5.5833985e+00   3.8081103e+01  -6.0513723e-01   1.0000000e+00   1.0000000e+00
  -1.5860903e+02   4.6387381e+01  -1.7913317e+02   1.0000000e+00   1.0000000e+00
  -4.4196670e+00   2.0624171e+01   2.9443822e+00   1.0000000e+00   1.0000000e+00
  -1.3652822e+02   3.6149140e+01   1.7004274e+02   1.0000000e+00   1.0000000e+00
   7.8040216e+01   2.8433235e+01  -1.2576243e+02   1.0000000e+00   1.0000000e+00
   1.4997498e+02   5.2414189e+01   1.7320904e+02   1.0000000e+00   1.0000000e+00
  -1.7149150e+02   4.3456627e+01   1.7967636e+02   1.0000000e+00   1.0000000e+00
   1.0374675e+01   4.0043275e+00  -1.0223160e+01   1.0000000e+00   1.0000000e+00
   3.8003215e+01   3.2909579e+01  -1.2436929e+01   1.0000000e+00   1.0000000e+00
   5.6612694e+01   6.5628629e+00  -6.7917708e+01   1.0000000e+00   1.0000000e+00
  -3.3736995e+01   3.6326897e+01   9.0955268e+00   1.0000000e+00   1.0000000e+00
  -5.6916185e+01   1.7325473e+01   3.5886197e+01   1.0000000e+00   1.0000000e+00
   1.4300823e+02   6.3281570e+01  -1.0536230e+02   1.0000000e+00   1.0000000e+00
  -1.6991096e+02   4.2579969e+01   1.7961153e+02   1.0000000e+00   1.0000000e+00
   2.1403447e+01   2.1966366e+01  -1.5517196e+01   1.0000000e+00   1.0000000e+00
  -1.1363758e+02   2.9364329e+01   6.4050968e+01   1.0000000e+00   1.0000000e+00
  -8.4743173e+01   2.4813190e+01   1.0438866e+02   1.0000000e+00   1.0000000e+00
  -1.1602420e+02   3.0372993e+01   1.5429515e+02   1.0000000e+00   1.0000000e+00
   1.1842018e+02   3.1368761e+01  -1.5523286e+02   1.0000000e+00   1.0000000e+00
  -9.4859339e+01   2.8046188e+01   1.3846058e+02   1.0000000e+00   1.0000000e+00
  -1.3140121e+02   3.0552387e+01   1.6136585e+02   1.0000000e+00   1.0000000e+00
   1.2592968e+02   6.8835064e+01  -1.1345413e+02   1.0000000e+00   1.0000000e+00
   4.4069560e+01   3.5278876e+01  -1.1829573e+01   1.0000000e+00   1.0000000e+00
   7.7130397e+01   3.0322819e+01  -1.1960541e+02   1.0000000e+00   1.0000000e+00
   1.4303074e+02   4.0441167e+01  -1.7625032e+02   1.0000000e+00   1.0000000e+00
  -3.9362138e+01   6.5155028e+01   7.1375264e+01   1.0000000e+00   1.0000000e+00
  -1.5684830e+02   2.8196715e+01   1.6291092e+02   1.0000000e+00   1.0000000e+00
   9.0441029e+00   3.6093387e+01  -2.0034120e+00   1.0000000e+00   1.0000000e+00
   2.4775136e+01   3.8984571e+01  -4.0086103e+00   1.0000000e+00   1.0000000e+00
   3.0042915e+01   4.4633999e+01  -1.9251506e-01   1.0000000e+00   1.0000000e+00
  -1.7184102e+00   4.5768541e+01  -6.1451498e-02   1.0000000e+00   1.0000000e+00
  -8.9811277e+01   2.5748691e+01   4.3665180e+01   1.0000000e+00   1.0000000e+00
  -3.7370489e+01   4.3016140e+01   1.8953449e+00   1.0000000e+00   1.0000000e+00
  -3.1657136e+01   1.4313073e+01   2.7833772e+01   1.0000000e+00   1.0000000e+00
  -1.4998334e+02   4.3522507e+01   1.7865590e+02   1.0000000e+00   1.0000000e+00
  -2.0315924e+00   2.2642258e+01   1.5789794e+00   1.0000000e+00   1.0000000e+00
  -1.0690200e+02   2.8592764e+01   1.3097513e+02   1.0000000e+00   1.0000000e+00
   1.4911976e+02   3.6315488e+01  -1.7227841e+02   1.0000000e+00   1.0000000e+00
   2.2892387e+01   4.7684225e+01   2.2815575e+00   1.0000000e+00   1.0000000e+00
   1.9233203e+01   9.0479472e+00  -2.4886991e+01   1.0000000e+00   1.0000000e+00
  -8.9902651e+01   2.7161673e+01   1.3377183e+02   1.0000000e+00   1.0000000e+00
   1.0874850e+02   2.5640638e+01  -1.4818786e+02   1.0000000e+00   1.0000000e+00
   1.1178397e+02   2.8085925e+01  -1.5092095e+02   1.0000000e+00   1.0000000e+00
  -9.8389751e+01   2.3000212e+01   1.0879776e+02   1.0000000e+00   1.0000000e+00
  -1.5192209e+02   3.8051452e+01   1.7402522e+02   1.0000000e+00   1.0000000e+00
  -6.8523356e+01   2.8326292e+01   2.8380704e+01   1.0000000e+00   1.0000000e+00
  -1.2443555e+02   3.0819984e+01   1.5786363e+02   1.0000000e+00   1.0000000e+00
   8.7771124e+01   2.0223606e+01  -9.4422332e+01   1.0000000e+00   1.0000000e+00
  -5.6893514e+01   3.1349176e+01   2.0512490e+01   1.0000000e+00   1.0000000e+00
  -1.1736386e+02   2.1824989e+01   1.3286264e+02   1.0000000e+00   1.0000000e+00
   7.4647652e+01   2.4782328e+01  -3.7311383e+01   1.0000000e+00   1.0000000e+00
  -1.3158864e+02   7.6968442e+01   1.1969702e+02   1.0000000e+00   1.0000000e+00
   1.3418889e+02   2.8243291e+01  -1.6066224e+02   1.0000000e+00   1.0000000e+00
  -1.2091633e+02   1.4905028e+01   1.2269902e+02   1.0000000e+00   1.0000000e+00
  -1.2363616e+02   3.2632909e+01   1.5976853e+02   1.0000000e+00   1.0000000e+00
   1.4160943e+02   5.5318231e+01  -1.0073508e+02   1.0000000e+00   1.0000000e+00
  -1.1198826e+01   3.1625768e+01   2.9155201e+00   1.0000000e+00   1.0000000e+00
   6.8077105e+01   2.7344174e+01  -3.0711589e+01   1.0000000e+00   1.0000000e+00
   4.9147486e+01   3.9294982e+01  -9.7669786e+01   1.0000000e+00   1.0000000e+00
   1.3444006e+02   4.1868967e+01  -8.6995190e+01   1.0000000e+00   1.0000000e+00
   1.3522924e+02   4.7610555e+01  -9.5198334e+01   1.0000000e+00   1.0000000e+00
   1.2737192e+02   4.1676783e+01  -9.8637661e+01   1.0000000e+00   1.0000000e+00
  -9.0472388e+01   2.6687059e+01   1.3291435e+02   1.0000000e+00   1.0000000e+00
   6.5154581e+01   1.6797220e+01  -4.7173687e+01   1.0000000e+00   1.0000000e+00
   1.8745857e+01   2.7775001e+01  -8.8989345e+00   1.0000000e+00   1.0000000e+00
   8.5480017e+01   2.8496032e+01  -4.2474419e+01   1.0000000e+00   1.0000000e+00
   6.2608677e+01   3.0393199e+01  -1.1342907e+02   1.0000000e+00   1.0000000e+00
  -1.4952752e+02   4.1474319e+01   1.7716237e+02   1.0000000e+00   1.0000000e+00
   3.4219497e+01   6.2425433e+01  -7.5473707e+01   1.0000000e+00   1.0000000e+00
  -4.9707110e+01   4.0699276e+01   9.3530754e+01   1.0000000e+00   1.0000000e+00
   6.2580508e+01   2.9529248e+01  -2.4501285e+01   1.0000000e+00   1.0000000e+00
   4.7332787e+01   7.4694982e+01  -6.3313397e+01   1.0000000e+00   1.0000000e+00
   1.6811996e+02   3.7151108e+01  -1.7879513e+02   1.0000000e+00   1.0000000e+00
  -5.3723282e+01   2.6125903e+01   2.5412319e+01   1.0000000e+00   1.0000000e+00
   6.4166251e+01   3.0330003e+01  -2.5341648e+01   1.0000000e+00   1.0000000e+00
  -1.0916583e+02   1.7837249e+01   1.2612136e+02   1.0000000e+00   1.0000000e+00
  -1.4399792e+02   6.5772914e+01   1.0763866e+02   1.0000000e+00   1.0000000e+00
  -4.9943530e+01   6.4702083e+01   7.0174867e+01   1.0000000e+00   1.0000000e+00
  -1.2997787e+02   3.0057598e+01   1.6194297e+02   1.0000000e+00   1.0000000e+00
  -9.1382334e+01   2.6358084e+01   1.3357945e+02   1.0000000e+00   1.0000000e+00
  -1.6226707e+02   6.1339364e+00   1.6303132e+02   1.0000000e+00   1.0000000e+00
   1.5460608e+02   3.3365026e+01  -1.7307587e+02   1.0000000e+00   1.0000000e+00
   7.5796366e+01   2.8664629e+01  -3.5497982e+01   1.0000000e+00   1.0000000e+00
   1.3566855e+02   4.8574480e+01  -9.3393138e+01   1.0000000e+00   1.0000000e+00
  -9.5131090e+01   2.6943454e+01   4.9559550e+01   1.0000000e+00   1.0000000e+00
   8.2813575e+01   2.6614463e+01  -4.5844213e+01   1.0000000e+00   1.0000000e+00
   1.4672724e+02   2.6286279e+01  -1.7742427e+02   1.0000000e+00   1.0000000e+00
   1.3538486e+02   2.1855926e+01  -1.5257464e+02   1.0000000e+00   1.0000000e+00
  -2.8987673e+01   4.6439137e+01  -1.5165978e+00   1.0000000e+00   1.0000000e+00
  -2.7101584e+01   4.7378712e+01  -3.4142659e+00   1.0000000e+00   1.0000000e+00
   9.4160130e+01   2.5932995e+01  -1.3409615e+02   1.0000000e+00   1.0000000e+00
   2.6771882e+01   4.6921310e+00  -2.6316518e+01   1.0000000e+00   1.0000000e+00
   1.2232299e+02   4.7781665e+01  -1.2139101e+02   1.0000000e+00   1.0000000e+00
  -1.3893572e+02   3.8069098e+01   8.3953453e+01   1.0000000e+00   1.0000000e+00
  -1.6618283e+02   4.1714818e+01   1.7914628e+02   1.0000000e+00   1.0000000e+00
  -4.1541585e+01   3.4169525e+01   1.2721281e+01   1.0000000e+00   1.0000000e+00
   8.8851130e+01   2.5222583e+01  -5.7886131e+01   1.0000000e+00   1.0000000e+00
  -1.6565947e+02   4.4599713e+01   1.7986908e+02   1.0000000e+00   1.0000000e+00
  -5.4245312e+01   3.0673109e+01   2.0525822e+01   1.0000000e+00   1.0000000e+00
   5.1296203e+01   3.2328724e+01  -1.7232062e+01   1.0000000e+00   1.0000000e+00
  -9.6263992e+01   2.3796684e+01   1.2981626e+02   1.0000000e+00   1.0000000e+00
  -1.2591772e+02   7.0076682e+01   1.1951269e+02   1.0000000e+00   1.0000000e+00
   1.0231443e+02   2.8805359e+01  -1.2869868e+02   1.0000000e+00   1.0000000e+00
  -1.3810588e+02   3.2579252e+01   1.6872074e+02   1.0000000e+00   1.0000000e+00
  -1.0878247e+02   2.7643653e+01   6.0834297e+01   1.0000000e+00   1.0000000e+00
   7.4289352e+01   2.7244720e+01  -3.4921523e+01   1.0000000e+00   1.0000000e+00
   2.0127770e+01   4.4727274e+01  -7.5372930e-02   1.0000000e+00   1.0000000e+00
  -8.2684415e+01   2.3647216e+01   5.9273853e+01   1.0000000e+00   1.0000000e+00
   3.0930506e+01   4.6856526e+01   3.1109061e+00   1.0000000e+00   1.0000000e+00
  -7.5861215e+01   2.7500873e+01   3.5626513e+01   1.0000000e+00   1.0000000e+00
  -7.2200401e+01   2.5422652e+01   3.6880348e+01   1.0000000e+00   1.0000000e+00
   8.5859288e+01   2.6814133e+01  -4.5933659e+01   1.0000000e+00   1.0000000e+00
  -8.2359336e+01   3.2618387e+01   9.6267230e+01   1.0000000e+00   1.0000000e+00
   1.1187191e+02   2.4436980e+01  -1.3785613e+02   1.0000000e+00   1.0000000e+00
   3.5691398e+01   3.4877934e+01  -1.0224615e+01   1.0000000e+00   1.0000000e+00
   8.8449176e+01   2.6842734e+01  -1.3098154e+02   1.0000000e+00   1.0000000e+00
  -4.8467806e+01   1.8114975e+01   4.3849615e+01   1.0000000e+00   1.0000000e+00
   8.9506153e-01   2.5964934e+01   8.4466578e-01   1.0000000e+00   1.0000000e+00
  -1.1127522e+02   2.9105668e+01   6.1100739e+01   1.0000000e+00   1.0000000e+00
  -1.1013435e+02   3.0557251e+01   1.4509318e+02   1.0000000e+00   1.0000000e+00
  -1.2484564e+02   3.0080289e+01   1.5924376e+02   1.0000000e+00   1.0000000e+00
  -1.2298172e+02   4.7158761e+01   9.3212502e+01   1.0000000e+00   1.0000000e+00
   6.4549278e+01   3.8818364e+01  -9.3940571e+01   1.0000000e+00   1.0000000e+00
   1.0653758e+02   3.4108340e+01  -7.4394745e+01   1.0000000e+00   1.0000000e+00
   1.6880328e+02   3.8055438e+01  -1.7878808e+02   1.0000000e+00   1.0000000e+00
  -4.7564018e+01   3.2851821e+01   1.5547885e+01   1.0000000e+00   1.0000000e+00
   1.3676408e+02   3.1457129e+01  -1.6423464e+02   1.0000000e+00   1.0000000e+00
  -1.7610654e+02   2.3024481e+01   1.7799702e+02   1.0000000e+00   1.0000000e+00
   9.9963254e+01   2.7112747e+01  -1.4160650e+02   1.0000000e+00   1.0000000e+00
  -1.3939161e+02   2.9997163e+01   1.6433178e+02   1.0000000e+00   1.0000000e+00
  -1.3944122e+02   6.9142138e+01   1.1009856e+02   1.0000000e+00   1.0000000e+00
  -1.7107117e+01   7.1412469e+00   2.0356587e+01   1.0000000e+00   1.0000000e+00
   9.1350119e+01   2.7487316e+01  -1.3615943e+02   1.0000000e+00   1.0000000e+00
  -4.0886205e+01   3.0579602e+01   1.4947919e+01   1.0000000e+00   1.0000000e+00
  -6.0558898e+01   3.5328481e+01   1.0486888e+02   1.0000000e+00   1.0000000e+00
  -1.5992318e+02   2.5681328e+01   1.7385520e+02   1.0000000e+00   1.0000000e+00
   3.6959384e+01   3.1655664e+01  -1.3699896e+01   1.0000000e+00   1.0000000e+00
   6.6405671e+01   2.9303231e+01  -2.7346941e+01   1.0000000e+00   1.0000000e+00
  -6.6920194e+01   2.5258835e+01   3.6652788e+01   1.0000000e+00   1.0000000e+00
   4.5513900e+01   4.2782868e+01  -9.2028342e+01   1.0000000e+00   1.0000000e+00
   7.4594619e+01   2.8239801e+01  -3.4511820e+01   1.0000000e+00   1.0000000e+00
  -6.1261091e+01   2.7848590e+01   2.9573319e+01   1.0000000e+00   1.0000000e+00
  -6.8721256e+01   2.7026330e+01   3.0482347e+01   1.0000000e+00   1.0000000e+00
  -5.0048548e+01   3.1810342e+01   1.7648808e+01   1.0000000e+00   1.0000000e+00
  -9.5446195e+01   2.7022525e+01   5.0066963e+01   1.0000000e+00   1.0000000e+00
   7.8281886e+01   1.0889730e+01  -8.1697017e+01   1.0000000e+00   1.0000000e+00
   1.0882703e+02   2.9103063e+01  -1.4076936e+02   1.0000000e+00   1.0000000e+00
  -1.6647592e+01   6.2148270e+01   3.7774287e+01   1.0000000e+00   1.0000000e+00
   1.2545906e+02   2.9573416e+01  -1.5679488e+02   1.0000000e+00   1.0000000e+00
  -2.9956991e+01   4.0436827e+01   1.4004774e+00   1.0000000e+00   1.0000000e+00
   8.3775691e+01   2.0241253e+01  -7.8714405e+01   1.0000000e+00   1.0000000e+00
   7.7719405e+01   2.5273179e+01  -3.7402022e+01   1.0000000e+00   1.0000000e+00
  -1.2762383e+02   4.6655766e+01   9.6487386e+01   1.0000000e+00   1.0000000e+00
  -1.6056038e+02   8.0891461e+00   1.6675478e+02   1.0000000e+00   1.0000000e+00
  -9.3321056e+01   2.4381784e+01   1.3543293e+02   1.0000000e+00   1.0000000e+00
  -1.1391216e-01   4.0232066e+01   2.2320723e+00   1.0000000e+00   1.0000000e+00
   8.7450270e+01   2.1564106e+01  -9.7254532e+01   1.0000000e+00   1.0000000e+00
   1.3642041e+02   3.4931116e+01  -1.6728601e+02   1.0000000e+00   1.0000000e+00
   1.1859597e+02   2.6181844e+01  -1.5183004e+02   1.0000000e+00   1.0000000e+00
   8.0490707e+01   3.9422581e+00  -6.9144202e+01   1.0000000e+00   1.0000000e+00
   9.8725726e+01   2.6716731e+01  -5.5017537e+01   1.0000000e+00   1.0000000e+00
  -6.7809838e+01   2.7787208e+01   3.0054880e+01   1.0000000e+00   1.0000000e+00
   1.5438171e+02   5.3132248e+01   1.7338439e+02   1.0000000e+00   1.0000000e+00
  -1.1191142e+02   2.9196836e+01   1.1952061e+02   1.0000000e+00   1.0000000e+00
  -7.8232805e+01   2.8637274e+01   1.2533583e+02   1.0000000e+00   1.0000000e+00
  -1.1634079e+02   2.8210004e+01   1.5283708e+02   1.0000000e+00   1.0000000e+00
  -9.2295056e+01   2.6682256e+01   4.8999701e+01   1.0000000e+00   1.0000000e+00
   7.2724275e+01   2.8904768e+01  -1.2192006e+02   1.0000000e+00   1.0000000e+00
  -1.2514785e+02   2.9701184e+01   1.5599790e+02   1.0000000e+00   1.0000000e+00
   8.0897551e+01   3.2076535e+01  -1.1604684e+02   1.0000000e+00   1.0000000e+00
  -4.7912963e+01   6.9460436e+01   6.8204661e+01   1.0000000e+00   1.0000000e+00
  -6.5968771e+01   3.3353692e+01   9.4984982e+01   1.0000000e+00   1.0000000e+00
   2.4644293e+01   4.8977203e+01   3.5433507e+00   1.0000000e+00   1.0000000e+00
   9.5290090e+01   2.5399520e+01  -1.3135325e+02   1.0000000e+00   1.0000000e+00
  -1.2879535e+02   3.3210064e+01   1.6477400e+02   1.0000000e+00   1.0000000e+00
   1.0624119e+02   2.7641889e+01  -1.4572081e+02   1.0000000e+00   1.0000000e+00
   1.1807929e+02   2.5950323e+01  -1.5208713e+02   1.0000000e+00   1.0000000e+00
   6.7440784e+01   4.7069313e+01  -6.5549657e+01   1.0000000e+00   1.0000000e+00
   1.7521764e+02   4.5694261e+01   1.7980917e+02   1.0000000e+00   1.0000000e+00
   9.2040811e+01   2.7799103e+01  -1.3628810e+02   1.0000000e+00   1.0000000e+00
  -1.2884558e+02   4.3064728e+01   8.8139854e+01   1.0000000e+00   1.0000000e+00
  -4.9234064e+01   3.9603042e+01   9.6785274e+01   1.0000000e+00   1.0000000e+00
  -2.4538310e+01   3.7051587e+01   4.7556500e+00   1.0000000e+00   1.0000000e+00
   9.4878092e+01   2.9242531e+01  -5.2094940e+01   1.0000000e+00   1.0000000e+00
  -1.2645447e+02   2.5624753e+01   1.0865225e+02   1.0000000e+00   1.0000000e+00
  -3.8258559e+01   3.5333739e+01   1.0337189e+01   1.0000000e+00   1.0000000e+00
  -4.4214318e+01   3.1162033e+01   1.7521523e+01   1.0000000e+00   1.0000000e+00
  -8.4897210e+01   2.7327832e+01   1.2642437e+02   1.0000000e+00   1.0000000e+00
  -1.1238848e+02   1.8084704e+01   1.3408525e+02   1.0000000e+00   1.0000000e+00
   1.1715331e+02   3.6598090e+01  -1.3433159e+02   1.0000000e+00   1.0000000e+00
   1.5141870e+01   2.8718056e+01  -5.8377469e+00   1.0000000e+00   1.0000000e+00
  -1.3111796e+02   3.0427949e+01   1.6262681e+02   1.0000000e+00   1.0000000e+00
   1.4103461e+01   2.0593306e+01  -8.2230609e+00   1.0000000e+00   1.0000000e+00
  -1.3323211e+02   7.5466322e+01   1.1742990e+02   1.0000000e+00   1.0000000e+00
   1.0003026e+02   2.6928658e+01  -1.4159622e+02   1.0000000e+00   1.0000000e+00
  -7.6866706e+01   2.7197896e+01   3.5553189e+01   1.0000000e+00   1.0000000e+00
  -3.9136348e+01   3.2304844e+01   1.2335107e+01   1.0000000e+00   1.0000000e+00
  -7.4110787e+01   2.7679104e+01   3.4734555e+01   1.0000000e+00   1.0000000e+00
  -1.4693905e+01   4.4016359e+01   4.1739594e-01   1.0000000e+00   1.0000000e+00
   5.8985425e+01   3.2363214e+01  -2.1897877e+01   1.0000000e+00   1.0000000e+00
  -3.0541271e+01   5.3555124e+01   8.0492239e+01   1.0000000e+00   1.0000000e+00
  -9.9037344e+01   2.5959734e+01   1.3797019e+02   1.0000000e+00   1.0000000e+00
   8.1394301e+01   2.8219933e+01  -1.2829239e+02   1.0000000e+00   1.0000000e+00
  -8.8363042e+01   2.7771209e+01   7.3002299e+01   1.0000000e+00   1.0000000e+00
   4.8402999e+01   3.2959152e+01  -1.6862812e+01   1.0000000e+00   1.0000000e+00
   9.8311109e+01   2.8918122e+01  -1.4103209e+02   1.0000000e+00   1.0000000e+00
  -4.4597604e+01   7.5089706e+01   6.2078712e+01   1.0000000e+00   1.0000000e+00
  -5.8698557e+00   2.2149274e+01   6.6273724e+00   1.0000000e+00   1.0000000e+00
   3.6934817e+01   3.4818072e+01  -1.0604869e+01   1.0000000e+00   1.0000000e+00
   1.0451945e+02   2.7604274e+01  -1.4453283e+02   1.0000000e+00   1.0000000e+00
   2.9370759e+01   3.0405644e+01  -9.7765059e+00   1.0000000e+00   1.0000000e+00
   9.3476826e+01   1.3864291e+01  -7.5708576e+01   1.0000000e+00   1.0000000e+00
  -1.4726128e+02   2.0420029e+01   1.5660185e+02   1.0000000e+00   1.0000000e+00
   3.3960314e+01   3.7863715e+01  -7.3139220e+00   1.0000000e+00   1.0000000e+00
  -1.2150660e+02   7.1676961e+01   1.2309322e+02   1.0000000e+00   1.0000000e+00
  -1.4248648e+02   4.7468346e+01   9.8327137e+01   1.0000000e+00   1.0000000e+00
  -6.4236299e+01   3.0879213e+01   1.1344954e+02   1.0000000e+00   1.0000000e+00
  -9.8516871e+01   1.7306671e+01   7.2960504e+01   1.0000000e+00   1.0000000e+00
   6.7863807e+01   2.8667534e+01  -3.0354863e+01   1.0000000e+00   1.0000000e+00
  -1.2145371e+02   3.7379648e+01   7.9240860e+01   1.0000000e+00   1.0000000e+00
  -5.9516706e+00   3.7028937e+01   1.0731984e+00   1.0000000e+00   1.0000000e+00
  -1.3226956e+02   3.0769429e+01   1.6220406e+02   1.0000000e+00   1.0000000e+00
  -3.8496014e+01   3.0390272e+01   1.3834511e+01   1.0000000e+00   1.0000000e+00
  -1.1791509e+02   2.4266500e+01   1.4764332e+02   1.0000000e+00   1.0000000e+00
   6.0869571e+01   3.3840289e+01  -1.0829643e+02   1.0000000e+00   1.0000000e+00
  -2.5816636e+01   3.8135487e+01   5.3927543e+00   1.0000000e+00   1.0000000e+00
  -1.1142283e+02   2.9628999e+01   1.4431239e+02   1.0000000e+00   1.0000000e+00
  -1.2336159e+02   5.0386142e+01   1.2768279e+02   1.0000000e+00   1.0000000e+00
   1.2200714e+02   7.0973206e+01  -1.1396877e+02   1.0000000e+00   1.0000000e+00
   5.6310593e+01   3.8996001e+01  -9.7046194e+01   1.0000000e+00   1.0000000e+00
  -1.1945961e+01   3.3339122e+01   3.0210094e+00   1.0000000e+00   1.0000000e+00
   8.5069825e+01   2.6914720e+01  -4.2820633e+01   1.0000000e+00   1.0000000e+00
   6.6513092e+01   3.5279886e+01  -1.0281472e+02   1.0000000e+00   1.0000000e+00
  -1.4757291e+02   4.4014904e+01   1.7924170e+02   1.0000000e+00   1.0000000e+00
   1.5275939e+02   1.5347885e+01  -1.6399619e+02   1.0000000e+00   1.0000000e+00
  -1.6461593e+02   6.9804328e+01   1.2785253e+02   1.0000000e+00   1.0000000e+00
   2.5681865e+01   3.6531313e+01  -6.5109107e+00   1.0000000e+00   1.0000000e+00
  -1.4662454e+02   3.0415112e+01   1.6811765e+02   1.0000000e+00   1.0000000e+00
   5.7388915e+01   2.8663423e+01  -2.4357247e+01   1.0000000e+00   1.0000000e+00
  -3.5090982e+00   5.3466798e+01   2.9004672e+01   1.0000000e+00   1.0000000e+00
  -1.0467920e+02   2.8313387e+01   1.4299708e+02   1.0000000e+00   1.0000000e+00
   1.0042719e+02   2.9226944e+01  -1.2515356e+02   1.0000000e+00   1.0000000e+00
  -1.1584196e+02   3.0539233e+01   6.4853931e+01   1.0000000e+00   1.0000000e+00
   5.5884704e+01   2.7088939e+01  -2.7124138e+01   1.0000000e+00   1.0000000e+00
  -1.3087182e+02   2.8406743e+01   1.5726820e+02   1.0000000e+00   1.0000000e+00
   1.2068297e+02   3.8411424e+01  -8.3469122e+01   1.0000000e+00   1.0000000e+00
   9.3160778e+01   3.7897024e+01  -8.3839823e+01   1.0000000e+00   1.0000000e+00
  -5.3214046e+01   2.4468723e+01   3.1974247e+01   1.0000000e+00   1.0000000e+00
  -5.0098035e+01   3.0119451e+01   1.8653898e+01   1.0000000e+00   1.0000000e+00
  -6.8476079e+01   2.8141836e+01   2.9889636e+01   1.0000000e+00   1.0000000e+00
  -1.1581102e+02   2.9313864e+01   1.5336824e+02   1.0000000e+00   1.0000000e+00
   4.7121358e+01   3.0059088e+01  -1.7975505e+01   1.0000000e+00   1.0000000e+00
  -2.1482469e+01   3.9371231e+01   3.3575052e+00   1.0000000e+00   1.0000000e+00
   1.4884068e+02   5.5066270e+01   1.7074927e+02   1.0000000e+00   1.0000000e+00
  -1.6661329e+02   6.7540163e+00   1.6844593e+02   1.0000000e+00   1.0000000e+00
   1.1616404e+02   2.8210889e+01  -1.5341662e+02   1.0000000e+00   1.0000000e+00
  -3.9832581e+01   6.1845136e+01   7.2405880e+01   1.0000000e+00   1.0000000e+00
   1.3261300e+02   2.3813203e+01  -1.5944393e+02   1.0000000e+00   1.0000000e+00
   5.8506430e+01   2.9536914e+01  -2.4041259e+01   1.0000000e+00   1.0000000e+00
  -1.0142762e+02   2.3763057e+01   1.4003290e+02   1.0000000e+00   1.0000000e+00
   1.3810831e+02   3.5221171e+01  -1.6994818e+02   1.0000000e+00   1.0000000e+00
   7.0035914e+01   2.7847904e+01  -3.1712577e+01   1.0000000e+00   1.0000000e+00
  -2.7941742e+01   4.7370646e+01  -2.2589636e+00   1.0000000e+00   1.0000000e+00
  -1.3811719e+02   6.4910764e+01   1.0830883e+02   1.0000000e+00   1.0000000e+00
   6.3802670e+01   2.9987034e+01  -2.5569283e+01   1.0000000e+00   1.0000000e+00
   1.3970935e+02   6.6554334e+01  -1.1045415e+02   1.0000000e+00   1.0000000e+00
   1.4811330e+02   3.6972985e+01  -1.7218709e+02   1.0000000e+00   1.0000000e+00
   5.8782936e+01   1.8234996e+01  -4.5839276e+01   1.0000000e+00   1.0000000e+00
   9.7280090e+01   2.6298432e+01  -5.1135504e+01   1.0000000e+00   1.0000000e+00
  -1.4435742e+02   9.8688561e+00   1.4831172e+02   1.0000000e+00   1.0000000e+00
   5.8389674e+01   3.0631290e+01  -3.0029727e+01   1.0000000e+00   1.0000000e+00
   1.5760140e+02   4.2694715e+01  -1.7853085e+02   1.0000000e+00   1.0000000e+00
  -9.8889305e+01   4.0127854e+01   1.1743295e+02   1.0000000e+00   1.0000000e+00
   1.6322041e+02   2.7842357e+01  -1.7527764e+02   1.0000000e+00   1.0000000e+00
  -8.0673352e+01   2.0237015e+01   7.5434091e+01   1.0000000e+00   1.0000000e+00
  -6.3031606e+01   2.5816006e+01   2.9685240e+01   1.0000000e+00   1.0000000e+00
   1.4129076e+02   4.0006756e+01  -1.5910717e+02   1.0000000e+00   1.0000000e+00
   6.1007989e+01   3.2545367e+01  -2.2076723e+01   1.0000000e+00   1.0000000e+00
  -9.8122161e+00   6.0518546e+00   1.0091981e+01   1.0000000e+00   1.0000000e+00
  -1.2991132e+02   2.9035165e+01   1.6010971e+02   1.0000000e+00   1.0000000e+00
   1.2263526e+01   4.2842111e+01  -5.9146645e-01   1.0000000e+00   1.0000000e+00
   1.6758855e+02   2.1250088e+01  -1.6768554e+02   1.0000000e+00   1.0000000e+00
   4.0411989e+01   5.7834944e+01  -7.8474507e+01   1.0000000e+00   1.0000000e+00
  -3.5440404e+01   3.7640344e+01   8.3884106e+00   1.0000000e+00   1.0000000e+00
  -5.1637001e+01   4.3129293e+01   8.9411410e+01   1.0000000e+00   1.0000000e+00
  -4.1146590e+01   3.1720327e+01   1.3713821e+01   1.0000000e+00   1.0000000e+00
   1.3248568e+02   3.4324164e+01  -1.6510954e+02   1.0000000e+00   1.0000000e+00
  -1.2496333e+01   4.7887957e+01  -5.3732721e-01   1.0000000e+00   1.0000000e+00
   8.8573813e+01   2.5784874e+01  -4.5855759e+01   1.0000000e+00   1.0000000e+00
  -1.0961622e+02   2.6375102e+01   1.4359620e+02   1.0000000e+00   1.0000000e+00
  -1.0626582e+02   2.8416487e+01   5.8523276e+01   1.0000000e+00   1.0000000e+00
  -1.6869457e+02   2.3556591e+01   1.7520873e+02   1.0000000e+00   1.0000000e+00
  -6.6539764e+01   2.5871000e+01   3.0703141e+01   1.0000000e+00   1.0000000e+00
  -6.3258596e+01   5.4499183e+01   6.9908291e+01   1.0000000e+00   1.0000000e+00
   6.4678706e+01   2.8544135e+01  -2.7761762e+01   1.0000000e+00   1.0000000e+00
  -6.5568770e+01   1.8420968e+01   4.0751500e+01   1.0000000e+00   1.0000000e+00
  -9.5305462e+01   2.6931909e+01   1.3552553e+02   1.0000000e+00   1.0000000e+00
   1.5239010e+02   6.3148906e+01  -1.0559470e+02   1.0000000e+00   1.0000000e+00
   5.9767259e+01   3.0685136e+01  -2.9437142e+01   1.0000000e+00   1.0000000e+00
   9.3960028e+01   2.6373621e+01  -5.1248974e+01   1.0000000e+00   1.0000000e+00
  -1.0692799e+02   2.7250035e+01   1.4411430e+02   1.0000000e+00   1.0000000e+00
  -1.4578317e+02   5.5829155e+01   1.0247848e+02   1.0000000e+00   1.0000000e+00
  -1.3863798e+02   7.1079049e+01   1.1169915e+02   1.0000000e+00   1.0000000e+00
   5.0475119e+01   2.9259566e+01  -2.0182072e+01   1.0000000e+00   1.0000000e+00
  -9.5617675e+01   2.3580987e+01   1.3033251e+02   1.0000000e+00   1.0000000e+00
   5.5494537e+01   3.0536236e+01  -2.0108411e+01   1.0000000e+00   1.0000000e+00
   3.9658074e+01   6.9252731e+01  -6.9845664e+01   1.0000000e+00   1.0000000e+00
   1.1097633e+02   2.9321511e+00  -1.1261885e+02   1.0000000e+00   1.0000000e+00
   2.7439939e+01   3.1275281e+01  -9.6452333e+00   1.0000000e+00   1.0000000e+00
  -2.1233780e+01   2.6483159e+01   1.1494616e+01   1.0000000e+00   1.0000000e+00
  -1.5451106e+02   1.5689009e+01   1.6090648e+02   1.0000000e+00   1.0000000e+00
  -7.4250783e+01   3.5468401e+01   4.5937821e+01   1.0000000e+00   1.0000000e+00
  -4.5199120e+01   3.3131230e+01   1.3838995e+01   1.0000000e+00   1.0000000e+00
   1.3255961e+02   3.2665756e+01  -1.6328820e+02   1.0000000e+00   1.0000000e+00
  -5.9558111e+01   3.3643883e+01   1.0746211e+02   1.0000000e+00   1.0000000e+00
  -1.3885549e+02   6.9454073e+01   1.1299365e+02   1.0000000e+00   1.0000000e+00
   9.8976969e+01   2.7372523e+01  -5.4943512e+01   1.0000000e+00   1.0000000e+00
  -7.4770919e+01   2.7439625e+01   3.5032785e+01   1.0000000e+00   1.0000000e+00
  -6.6802546e+01   5.3280021e+01   6.7373448e+01   1.0000000e+00   1.0000000e+00
   1.2812907e+02   3.3646073e+01  -1.6400229e+02   1.0000000e+00   1.0000000e+00
  -1.4342488e+02   3.7032217e+01   1.7070753e+02   1.0000000e+00   1.0000000e+00
